MCDATA_instrdata = {
"name": "dmtas",
"abspath": "MACS_monochromator.instr",
"params": [],
"params_defaults": [],
"params_values": [],
"cmd": "mcrun MACS_monochromator.instr --no-output-files --trace --ncount=1000 --dir=/home/tjh/Github-Repos/pyMACS/pyMACS/Demonstration/test_experiment/Instrument_files/MACS_monochromator_20230728_114516",
"boundingbox": {
"xmin": -0.362,
"xmax": 1.42357135,
"ymin": -0.362,
"ymax": 0.362,
"zmin": 0.14,
"zmax": 6.2883002999999995,
"drawcalls": [
{
"key": "multiline",
"args": [
-0.362,
-0.362,
0.14,
-0.362,
0.362,
0.14,
1.42357135,
0.362,
0.14,
1.42357135,
-0.362,
0.14,
-0.362,
-0.362,
0.14
]
},
{
"key": "multiline",
"args": [
-0.362,
-0.362,
6.2883002999999995,
-0.362,
0.362,
6.2883002999999995,
1.42357135,
0.362,
6.2883002999999995,
1.42357135,
-0.362,
6.2883002999999995,
-0.362,
-0.362,
6.2883002999999995
]
},
{
"key": "line",
"args": [
-0.362,
-0.362,
0.14,
-0.362,
-0.362,
6.2883002999999995
]
},
{
"key": "line",
"args": [
1.42357135,
-0.362,
0.14,
1.42357135,
-0.362,
6.2883002999999995
]
},
{
"key": "line",
"args": [
-0.362,
0.362,
0.14,
-0.362,
0.362,
6.2883002999999995
]
},
{
"key": "line",
"args": [
1.42357135,
0.362,
0.14,
1.42357135,
0.362,
6.2883002999999995
]
},
{
"key": "line",
"args": [
0.638,
-0.362,
0.14,
0.638,
-0.262,
0.14
]
},
{
"key": "line",
"args": [
0.638,
0.362,
0.14,
0.638,
0.262,
0.14
]
},
{
"key": "line",
"args": [
0.638,
-0.362,
6.2883002999999995,
0.638,
-0.262,
6.2883002999999995
]
},
{
"key": "line",
"args": [
0.638,
0.362,
6.2883002999999995,
0.638,
0.262,
6.2883002999999995
]
},
{
"key": "line",
"args": [
0.638,
-0.362,
0.14,
0.638,
-0.362,
0.24000000000000002
]
},
{
"key": "line",
"args": [
0.638,
-0.362,
6.2883002999999995,
0.638,
-0.362,
6.1883003
]
},
{
"key": "line",
"args": [
-0.362,
-0.362,
1.1400000000000001,
-0.262,
-0.362,
1.1400000000000001
]
},
{
"key": "line",
"args": [
1.42357135,
-0.362,
1.1400000000000001,
1.32357135,
-0.362,
1.1400000000000001
]
},
{
"key": "line",
"args": [
-0.362,
-0.362,
2.14,
-0.262,
-0.362,
2.14
]
},
{
"key": "line",
"args": [
1.42357135,
-0.362,
2.14,
1.32357135,
-0.362,
2.14
]
},
{
"key": "line",
"args": [
-0.362,
-0.362,
3.14,
-0.262,
-0.362,
3.14
]
},
{
"key": "line",
"args": [
1.42357135,
-0.362,
3.14,
1.32357135,
-0.362,
3.14
]
},
{
"key": "line",
"args": [
-0.362,
-0.362,
4.140000000000001,
-0.262,
-0.362,
4.140000000000001
]
},
{
"key": "line",
"args": [
1.42357135,
-0.362,
4.140000000000001,
1.32357135,
-0.362,
4.140000000000001
]
},
{
"key": "line",
"args": [
-0.362,
-0.362,
5.140000000000001,
-0.262,
-0.362,
5.140000000000001
]
},
{
"key": "line",
"args": [
1.42357135,
-0.362,
5.140000000000001,
1.32357135,
-0.362,
5.140000000000001
]
},
{
"key": "line",
"args": [
-0.362,
-0.362,
6.140000000000001,
-0.262,
-0.362,
6.140000000000001
]
},
{
"key": "line",
"args": [
1.42357135,
-0.362,
6.140000000000001,
1.32357135,
-0.362,
6.140000000000001
]
},
{
"key": "line",
"args": [
0.638,
0.362,
0.14,
0.638,
0.362,
0.24000000000000002
]
},
{
"key": "line",
"args": [
0.638,
0.362,
6.2883002999999995,
0.638,
0.362,
6.1883003
]
},
{
"key": "line",
"args": [
-0.362,
0.362,
1.1400000000000001,
-0.262,
0.362,
1.1400000000000001
]
},
{
"key": "line",
"args": [
1.42357135,
0.362,
1.1400000000000001,
1.32357135,
0.362,
1.1400000000000001
]
},
{
"key": "line",
"args": [
-0.362,
0.362,
2.14,
-0.262,
0.362,
2.14
]
},
{
"key": "line",
"args": [
1.42357135,
0.362,
2.14,
1.32357135,
0.362,
2.14
]
},
{
"key": "line",
"args": [
-0.362,
0.362,
3.14,
-0.262,
0.362,
3.14
]
},
{
"key": "line",
"args": [
1.42357135,
0.362,
3.14,
1.32357135,
0.362,
3.14
]
},
{
"key": "line",
"args": [
-0.362,
0.362,
4.140000000000001,
-0.262,
0.362,
4.140000000000001
]
},
{
"key": "line",
"args": [
1.42357135,
0.362,
4.140000000000001,
1.32357135,
0.362,
4.140000000000001
]
},
{
"key": "line",
"args": [
-0.362,
0.362,
5.140000000000001,
-0.262,
0.362,
5.140000000000001
]
},
{
"key": "line",
"args": [
1.42357135,
0.362,
5.140000000000001,
1.32357135,
0.362,
5.140000000000001
]
},
{
"key": "line",
"args": [
-0.362,
0.362,
6.140000000000001,
-0.262,
0.362,
6.140000000000001
]
},
{
"key": "line",
"args": [
1.42357135,
0.362,
6.140000000000001,
1.32357135,
0.362,
6.140000000000001
]
},
{
"key": "line",
"args": [
-0.362,
-0.362,
1.1400000000000001,
-0.362,
-0.262,
1.1400000000000001
]
},
{
"key": "line",
"args": [
-0.362,
0.362,
1.1400000000000001,
-0.362,
0.262,
1.1400000000000001
]
},
{
"key": "line",
"args": [
-0.362,
-0.362,
2.14,
-0.362,
-0.262,
2.14
]
},
{
"key": "line",
"args": [
-0.362,
0.362,
2.14,
-0.362,
0.262,
2.14
]
},
{
"key": "line",
"args": [
-0.362,
-0.362,
3.14,
-0.362,
-0.262,
3.14
]
},
{
"key": "line",
"args": [
-0.362,
0.362,
3.14,
-0.362,
0.262,
3.14
]
},
{
"key": "line",
"args": [
-0.362,
-0.362,
4.140000000000001,
-0.362,
-0.262,
4.140000000000001
]
},
{
"key": "line",
"args": [
-0.362,
0.362,
4.140000000000001,
-0.362,
0.262,
4.140000000000001
]
},
{
"key": "line",
"args": [
-0.362,
-0.362,
5.140000000000001,
-0.362,
-0.262,
5.140000000000001
]
},
{
"key": "line",
"args": [
-0.362,
0.362,
5.140000000000001,
-0.362,
0.262,
5.140000000000001
]
},
{
"key": "line",
"args": [
-0.362,
-0.362,
6.140000000000001,
-0.362,
-0.262,
6.140000000000001
]
},
{
"key": "line",
"args": [
-0.362,
0.362,
6.140000000000001,
-0.362,
0.262,
6.140000000000001
]
},
{
"key": "line",
"args": [
1.42357135,
-0.362,
1.1400000000000001,
1.42357135,
-0.262,
1.1400000000000001
]
},
{
"key": "line",
"args": [
1.42357135,
0.362,
1.1400000000000001,
1.42357135,
0.262,
1.1400000000000001
]
},
{
"key": "line",
"args": [
1.42357135,
-0.362,
2.14,
1.42357135,
-0.262,
2.14
]
},
{
"key": "line",
"args": [
1.42357135,
0.362,
2.14,
1.42357135,
0.262,
2.14
]
},
{
"key": "line",
"args": [
1.42357135,
-0.362,
3.14,
1.42357135,
-0.262,
3.14
]
},
{
"key": "line",
"args": [
1.42357135,
0.362,
3.14,
1.42357135,
0.262,
3.14
]
},
{
"key": "line",
"args": [
1.42357135,
-0.362,
4.140000000000001,
1.42357135,
-0.262,
4.140000000000001
]
},
{
"key": "line",
"args": [
1.42357135,
0.362,
4.140000000000001,
1.42357135,
0.262,
4.140000000000001
]
},
{
"key": "line",
"args": [
1.42357135,
-0.362,
5.140000000000001,
1.42357135,
-0.262,
5.140000000000001
]
},
{
"key": "line",
"args": [
1.42357135,
0.362,
5.140000000000001,
1.42357135,
0.262,
5.140000000000001
]
},
{
"key": "line",
"args": [
1.42357135,
-0.362,
6.140000000000001,
1.42357135,
-0.262,
6.140000000000001
]
},
{
"key": "line",
"args": [
1.42357135,
0.362,
6.140000000000001,
1.42357135,
0.262,
6.140000000000001
]
}
]
},
"components": [
{
"name": "init",
"m4": [
1.0,
0.0,
0.0,
0.0,
0.0,
1.0,
0.0,
0.0,
0.0,
0.0,
1.0,
0.0,
0,
0,
0,
1
],
"drawcalls": []
},
{
"name": "Arm0",
"m4": [
1.0,
0.0,
0.0,
0.0,
0.0,
1.0,
0.0,
0.0,
0.0,
0.0,
1.0,
0.0,
0,
0,
0,
1
],
"drawcalls": []
},
{
"name": "source",
"m4": [
1.0,
0.0,
0.0,
0.0,
0.0,
1.0,
0.0,
0.0,
0.0,
0.0,
1.0,
0.14,
0,
0,
0,
1
],
"drawcalls": [
{
"key": "multiline",
"args": [
-0.18406,
-0.178089,
0.0,
0.18406,
-0.178089,
0.0,
0.18406,
0.178089,
0.0,
-0.18406,
0.178089,
0.0,
-0.18406,
-0.178089,
0.0
]
},
{
"key": "multiline",
"args": [
0.0,
0.0,
0.0,
-0.0204511,
-0.0197877,
0.606559
]
},
{
"key": "multiline",
"args": [
-0.0409021,
-0.0395754,
1.21312,
-0.0613532,
-0.059363,
1.81968
]
},
{
"key": "multiline",
"args": [
-0.0818043,
-0.0791507,
2.42624,
-0.102255,
-0.0989384,
3.0328
]
},
{
"key": "multiline",
"args": [
-0.122706,
-0.118726,
3.63935,
-0.143157,
-0.138514,
4.24591
]
},
{
"key": "multiline",
"args": [
-0.163609,
-0.158301,
4.85247,
-0.18406,
-0.178089,
5.45903
]
},
{
"key": "multiline",
"args": [
0.0,
0.0,
0.0,
0.0204511,
-0.0197877,
0.606559
]
},
{
"key": "multiline",
"args": [
0.0409021,
-0.0395754,
1.21312,
0.0613532,
-0.059363,
1.81968
]
},
{
"key": "multiline",
"args": [
0.0818043,
-0.0791507,
2.42624,
0.102255,
-0.0989384,
3.0328
]
},
{
"key": "multiline",
"args": [
0.122706,
-0.118726,
3.63935,
0.143157,
-0.138514,
4.24591
]
},
{
"key": "multiline",
"args": [
0.163609,
-0.158301,
4.85247,
0.18406,
-0.178089,
5.45903
]
},
{
"key": "multiline",
"args": [
0.0,
0.0,
0.0,
0.0204511,
0.0197877,
0.606559
]
},
{
"key": "multiline",
"args": [
0.0409021,
0.0395754,
1.21312,
0.0613532,
0.059363,
1.81968
]
},
{
"key": "multiline",
"args": [
0.0818043,
0.0791507,
2.42624,
0.102255,
0.0989384,
3.0328
]
},
{
"key": "multiline",
"args": [
0.122706,
0.118726,
3.63935,
0.143157,
0.138514,
4.24591
]
},
{
"key": "multiline",
"args": [
0.163609,
0.158301,
4.85247,
0.18406,
0.178089,
5.45903
]
},
{
"key": "multiline",
"args": [
0.0,
0.0,
0.0,
-0.0204511,
0.0197877,
0.606559
]
},
{
"key": "multiline",
"args": [
-0.0409021,
0.0395754,
1.21312,
-0.0613532,
0.059363,
1.81968
]
},
{
"key": "multiline",
"args": [
-0.0818043,
0.0791507,
2.42624,
-0.102255,
0.0989384,
3.0328
]
},
{
"key": "multiline",
"args": [
-0.122706,
0.118726,
3.63935,
-0.143157,
0.138514,
4.24591
]
},
{
"key": "multiline",
"args": [
-0.163609,
0.158301,
4.85247,
-0.18406,
0.178089,
5.45903
]
}
]
},
{
"name": "circular_plugin1",
"m4": [
1.0,
0.0,
0.0,
0.028,
0.0,
1.0,
0.0,
0.0,
0.0,
0.0,
1.0,
0.1401,
0,
0,
0,
1
],
"drawcalls": [
{
"key": "circle",
"args": [
"xy",
0.0,
0.0,
0.0,
0.094
]
}
]
},
{
"name": "circular_plugin2",
"m4": [
1.0,
0.0,
0.0,
-0.028,
0.0,
1.0,
0.0,
0.0,
0.0,
0.0,
1.0,
0.1402,
0,
0,
0,
1
],
"drawcalls": [
{
"key": "circle",
"args": [
"xy",
0.0,
0.0,
0.0,
0.094
]
}
]
},
{
"name": "circular_plugin3",
"m4": [
1.0,
0.0,
0.0,
0.0,
0.0,
1.0,
0.0,
0.0,
0.0,
0.0,
1.0,
0.1403,
0,
0,
0,
1
],
"drawcalls": [
{
"key": "circle",
"args": [
"xy",
0.0,
0.0,
0.0,
0.082
]
}
]
},
{
"name": "tube1",
"m4": [
1.0,
0.0,
0.0,
0.0,
0.0,
1.0,
0.0,
0.0,
0.0,
0.0,
1.0,
0.15,
0,
0,
0,
1
],
"drawcalls": [
{
"key": "circle",
"args": [
"xy",
0.0,
0.0,
0.0,
0.065
]
},
{
"key": "circle",
"args": [
"xy",
0.0,
0.0,
0.79,
0.065
]
}
]
},
{
"name": "tube1A",
"m4": [
1.0,
0.0,
0.0,
0.0,
0.0,
1.0,
0.0,
0.0,
0.0,
0.0,
1.0,
0.95,
0,
0,
0,
1
],
"drawcalls": [
{
"key": "circle",
"args": [
"xy",
0.0,
0.0,
0.0,
0.165
]
},
{
"key": "circle",
"args": [
"xy",
0.0,
0.0,
1.69,
0.165
]
}
]
},
{
"name": "tube2",
"m4": [
1.0,
0.0,
0.0,
0.0,
0.0,
1.0,
0.0,
0.0,
0.0,
0.0,
1.0,
2.65,
0,
0,
0,
1
],
"drawcalls": [
{
"key": "circle",
"args": [
"xy",
0.0,
0.0,
0.0,
0.1187
]
},
{
"key": "circle",
"args": [
"xy",
0.0,
0.0,
0.8,
0.1411
]
}
]
},
{
"name": "tube3",
"m4": [
1.0,
0.0,
0.0,
0.0,
0.0,
1.0,
0.0,
0.0,
0.0,
0.0,
1.0,
3.475,
0,
0,
0,
1
],
"drawcalls": [
{
"key": "circle",
"args": [
"xy",
0.0,
0.0,
0.0,
0.1418
]
},
{
"key": "circle",
"args": [
"xy",
0.0,
0.0,
0.45,
0.1543
]
}
]
},
{
"name": "tube4",
"m4": [
1.0,
0.0,
0.0,
0.0,
0.0,
1.0,
0.0,
0.0,
0.0,
0.0,
1.0,
3.935,
0,
0,
0,
1
],
"drawcalls": [
{
"key": "circle",
"args": [
"xy",
0.0,
0.0,
0.0,
0.1546
]
},
{
"key": "circle",
"args": [
"xy",
0.0,
0.0,
0.159,
0.159
]
}
]
},
{
"name": "ape001",
"m4": [
1.0,
0.0,
0.0,
0.0,
0.0,
1.0,
0.0,
0.0,
0.0,
0.0,
1.0,
4.55,
0,
0,
0,
1
],
"drawcalls": [
{
"key": "multiline",
"args": [
-0.362,
0.175,
0.0,
-0.181,
0.175,
0.0,
-0.181,
0.35,
0.0
]
},
{
"key": "multiline",
"args": [
0.362,
0.175,
0.0,
0.181,
0.175,
0.0,
0.181,
0.35,
0.0
]
},
{
"key": "multiline",
"args": [
-0.362,
-0.175,
0.0,
-0.181,
-0.175,
0.0,
-0.181,
-0.35,
0.0
]
},
{
"key": "multiline",
"args": [
0.362,
-0.175,
0.0,
0.181,
-0.175,
0.0,
0.181,
-0.35,
0.0
]
}
]
},
{
"name": "ape002",
"m4": [
1.0,
0.0,
0.0,
0.0,
0.0,
1.0,
0.0,
0.0,
0.0,
0.0,
1.0,
4.655,
0,
0,
0,
1
],
"drawcalls": [
{
"key": "multiline",
"args": [
-0.35,
0.181,
0.0,
-0.175,
0.181,
0.0,
-0.175,
0.362,
0.0
]
},
{
"key": "multiline",
"args": [
0.35,
0.181,
0.0,
0.175,
0.181,
0.0,
0.175,
0.362,
0.0
]
},
{
"key": "multiline",
"args": [
-0.35,
-0.181,
0.0,
-0.175,
-0.181,
0.0,
-0.175,
-0.362,
0.0
]
},
{
"key": "multiline",
"args": [
0.35,
-0.181,
0.0,
0.175,
-0.181,
0.0,
0.175,
-0.362,
0.0
]
}
]
},
{
"name": "monofix_pos",
"m4": [
1.0,
0.0,
0.0,
0.0,
0.0,
1.0,
0.0,
0.0,
0.0,
0.0,
1.0,
5.84005,
0,
0,
0,
1
],
"drawcalls": [
{
"key": "multiline",
"args": [
0.0,
0.0,
0.0,
0.2,
0.0,
0.0
]
},
{
"key": "multiline",
"args": [
0.0,
0.0,
0.0,
0.0,
0.2,
0.0
]
},
{
"key": "multiline",
"args": [
0.0,
0.0,
0.0,
0.0,
0.0,
0.2
]
}
]
},
{
"name": "monofix",
"m4": [
0.547762,
-0.0,
0.836634,
0.0,
0.0,
1.0,
-0.0,
0.0,
-0.836634,
0.0,
0.547762,
5.84005,
0,
0,
0,
1
],
"drawcalls": [
{
"key": "multiline",
"args": [
0.0,
0.0,
0.0,
0.2,
0.0,
0.0
]
},
{
"key": "multiline",
"args": [
0.0,
0.0,
0.0,
0.0,
0.2,
0.0
]
},
{
"key": "multiline",
"args": [
0.0,
0.0,
0.0,
0.0,
0.0,
0.2
]
}
]
},
{
"name": "mono",
"m4": [
0.547762,
-0.0,
0.836634,
0.0,
0.0,
1.0,
-0.0,
0.0,
-0.836634,
0.0,
0.547762,
5.84005,
0,
0,
0,
1
],
"drawcalls": [
{
"key": "multiline",
"args": [
0.0,
0.0,
0.0,
0.2,
0.0,
0.0
]
},
{
"key": "multiline",
"args": [
0.0,
0.0,
0.0,
0.0,
0.2,
0.0
]
},
{
"key": "multiline",
"args": [
0.0,
0.0,
0.0,
0.0,
0.0,
0.2
]
}
]
},
{
"name": "inc_pg_mono",
"m4": [
1.0,
0.0,
0.0,
0.0,
0.0,
1.0,
0.0,
0.0,
0.0,
0.0,
1.0,
0.0,
0,
0,
0,
1
],
"drawcalls": []
},
{
"name": "ncrystal_pg_mono",
"m4": [
1.0,
0.0,
0.0,
0.0,
0.0,
1.0,
0.0,
0.0,
0.0,
0.0,
1.0,
0.0,
0,
0,
0,
1
],
"drawcalls": []
},
{
"name": "Pg_mono",
"m4": [
1.0,
0.0,
0.0,
0.0,
0.0,
1.0,
0.0,
0.0,
0.0,
0.0,
1.0,
0.0,
0,
0,
0,
1
],
"drawcalls": []
},
{
"name": "inc_al_mono",
"m4": [
1.0,
0.0,
0.0,
0.0,
0.0,
1.0,
0.0,
0.0,
0.0,
0.0,
1.0,
0.0,
0,
0,
0,
1
],
"drawcalls": []
},
{
"name": "pow_al_mono",
"m4": [
1.0,
0.0,
0.0,
0.0,
0.0,
1.0,
0.0,
0.0,
0.0,
0.0,
1.0,
0.0,
0,
0,
0,
1
],
"drawcalls": []
},
{
"name": "al_mono",
"m4": [
1.0,
0.0,
0.0,
0.0,
0.0,
1.0,
0.0,
0.0,
0.0,
0.0,
1.0,
0.0,
0,
0,
0,
1
],
"drawcalls": []
},
{
"name": "mono_pil1",
"m4": [
0.547762,
-0.0,
0.836634,
0.108238,
0.0,
1.0,
-0.0,
0.0,
-0.836634,
0.0,
0.547762,
5.67473,
0,
0,
0,
1
],
"drawcalls": []
},
{
"name": "mono_vacpil1",
"m4": [
0.547762,
-0.0,
0.836634,
0.108238,
0.0,
1.0,
-0.0,
0.0,
-0.836634,
0.0,
0.547762,
5.67473,
0,
0,
0,
1
],
"drawcalls": []
},
{
"name": "mono_pil2",
"m4": [
0.547762,
-0.0,
0.836634,
-0.197267,
0.0,
1.0,
-0.0,
0.0,
-0.836634,
0.0,
0.547762,
5.82898,
0,
0,
0,
1
],
"drawcalls": []
},
{
"name": "mono_vacpil2",
"m4": [
0.547762,
-0.0,
0.836634,
-0.197267,
0.0,
1.0,
-0.0,
0.0,
-0.836634,
0.0,
0.547762,
5.82898,
0,
0,
0,
1
],
"drawcalls": []
},
{
"name": "mono_pil3",
"m4": [
0.547762,
-0.0,
0.836634,
0.0890293,
0.0,
1.0,
-0.0,
0.0,
-0.836634,
0.0,
0.547762,
6.01643,
0,
0,
0,
1
],
"drawcalls": []
},
{
"name": "mono_vacpil3",
"m4": [
0.547762,
-0.0,
0.836634,
0.0890293,
0.0,
1.0,
-0.0,
0.0,
-0.836634,
0.0,
0.547762,
6.01643,
0,
0,
0,
1
],
"drawcalls": []
},
{
"name": "mono_array0_crystal_array_arm",
"m4": [
0.819943,
0.0,
0.572445,
-0.175693,
0.0,
1.0,
-0.0,
0.0,
-0.572445,
0.0,
0.819943,
5.72502,
0,
0,
0,
1
],
"drawcalls": [
{
"key": "multiline",
"args": [
0.0,
0.0,
0.0,
0.2,
0.0,
0.0
]
},
{
"key": "multiline",
"args": [
0.0,
0.0,
0.0,
0.0,
0.2,
0.0
]
},
{
"key": "multiline",
"args": [
0.0,
0.0,
0.0,
0.0,
0.0,
0.2
]
}
]
},
{
"name": "mono_array0_crystal_array_0",
"m4": [
0.817909,
-0.0927198,
0.567828,
-0.168038,
0.112641,
0.993636,
-0.0,
-0.168085,
-0.564214,
0.0639605,
0.823147,
5.71967,
0,
0,
0,
1
],
"drawcalls": []
},
{
"name": "mono_array0_crystal_array_1",
"m4": [
0.813371,
-0.077301,
0.576587,
-0.169831,
0.0946115,
0.995514,
0.0,
-0.147146,
-0.574001,
0.0545518,
0.817036,
5.72092,
0,
0,
0,
1
],
"drawcalls": []
},
{
"name": "mono_array0_crystal_array_2",
"m4": [
0.815846,
-0.0658211,
0.57451,
-0.171385,
0.080417,
0.996761,
0.0,
-0.126177,
-0.57265,
0.0462004,
0.818497,
5.72201,
0,
0,
0,
1
],
"drawcalls": []
},
{
"name": "mono_array0_crystal_array_3",
"m4": [
0.818898,
-0.0564693,
0.571155,
-0.172701,
0.0687943,
0.997631,
-0.0,
-0.105185,
-0.569801,
0.0392922,
0.820843,
5.72293,
0,
0,
0,
1
],
"drawcalls": []
},
{
"name": "mono_array0_crystal_array_4",
"m4": [
0.81992,
-0.0485443,
0.570416,
-0.173778,
0.0591026,
0.998252,
-0.0,
-0.0841722,
-0.569419,
0.0337131,
0.821356,
5.72368,
0,
0,
0,
1
],
"drawcalls": []
},
{
"name": "mono_array0_crystal_array_5",
"m4": [
0.817839,
-0.0310125,
0.57461,
-0.174616,
0.0378928,
0.999282,
0.0,
-0.0631434,
-0.574198,
0.0217736,
0.818427,
5.72427,
0,
0,
0,
1
],
"drawcalls": []
},
{
"name": "mono_array0_crystal_array_6",
"m4": [
0.820362,
-0.0191275,
0.571524,
-0.175214,
0.0233096,
0.999728,
-0.0,
-0.0421023,
-0.571369,
0.013322,
0.820585,
5.72468,
0,
0,
0,
1
],
"drawcalls": []
},
{
"name": "mono_array0_crystal_array_7",
"m4": [
0.821478,
-0.00873951,
0.570173,
-0.175574,
0.0106382,
0.999943,
-0.0,
-0.0210532,
-0.57014,
0.00606558,
0.821525,
5.72493,
0,
0,
0,
1
],
"drawcalls": []
},
{
"name": "mono_array0_crystal_array_8",
"m4": [
0.820555,
0.000653632,
0.571567,
-0.175693,
-0.000796572,
1.0,
-0.0,
0.0,
-0.571566,
-0.000455294,
0.820556,
5.72502,
0,
0,
0,
1
],
"drawcalls": []
},
{
"name": "mono_array0_crystal_array_9",
"m4": [
0.819858,
0.00929635,
0.572491,
-0.175574,
-0.0113382,
0.999936,
0.0,
0.0210532,
-0.572454,
-0.00649104,
0.819911,
5.72493,
0,
0,
0,
1
],
"drawcalls": []
},
{
"name": "mono_array0_crystal_array_10",
"m4": [
0.820455,
0.023037,
0.571247,
-0.175214,
-0.0280673,
0.999606,
-0.0,
0.0421023,
-0.571022,
-0.0160333,
0.820778,
5.72468,
0,
0,
0,
1
],
"drawcalls": []
},
{
"name": "mono_array0_crystal_array_11",
"m4": [
0.820218,
0.033101,
0.571093,
-0.174616,
-0.0403236,
0.999187,
-0.0,
0.0631434,
-0.570628,
-0.0230285,
0.820886,
5.72427,
0,
0,
0,
1
],
"drawcalls": []
},
{
"name": "mono_array0_crystal_array_12",
"m4": [
0.818611,
0.0480343,
0.572337,
-0.173778,
-0.0585771,
0.998283,
-0.0,
0.0841722,
-0.571354,
-0.0335258,
0.820019,
5.72368,
0,
0,
0,
1
],
"drawcalls": []
},
{
"name": "mono_array0_crystal_array_13",
"m4": [
0.816457,
0.0570979,
0.574576,
-0.172701,
-0.0697634,
0.997564,
0.0,
0.105185,
-0.573176,
-0.0400843,
0.818452,
5.72293,
0,
0,
0,
1
],
"drawcalls": []
},
{
"name": "mono_array0_crystal_array_14",
"m4": [
0.816781,
0.07,
0.572686,
-0.171385,
-0.0853892,
0.996348,
0.0,
0.126177,
-0.570594,
-0.0489012,
0.819775,
5.72201,
0,
0,
0,
1
],
"drawcalls": []
},
{
"name": "mono_array0_crystal_array_15",
"m4": [
0.817211,
0.0797033,
0.570801,
-0.169831,
-0.0970702,
0.995278,
-0.0,
0.147146,
-0.568105,
-0.0554077,
0.821089,
5.72092,
0,
0,
0,
1
],
"drawcalls": []
},
{
"name": "mono_array0_crystal_array_16",
"m4": [
0.813716,
0.0918648,
0.573957,
-0.168038,
-0.112183,
0.993688,
0.0,
0.168085,
-0.570334,
-0.064388,
0.818885,
5.71967,
0,
0,
0,
1
],
"drawcalls": []
},
{
"name": "mono_array0_crystal_array_mounting_arch",
"m4": [
0.819943,
0.572445,
3.50522e-17,
1.06715,
0.0,
6.12323e-17,
-1.0,
0.0,
-0.572445,
0.819943,
5.0207e-17,
4.85733,
0,
0,
0,
1
],
"drawcalls": []
},
{
"name": "mono_array0_crystal_array_mounting_arch_vacuum",
"m4": [
0.819943,
0.572445,
3.50522e-17,
1.06715,
0.0,
6.12323e-17,
-1.0,
0.0,
-0.572445,
0.819943,
5.0207e-17,
4.85733,
0,
0,
0,
1
],
"drawcalls": []
},
{
"name": "mono_array0_crystal_array_mounting_arch_mask",
"m4": [
0.819943,
0.0,
0.572445,
-0.183657,
0.0,
1.0,
-0.0,
0.0,
-0.572445,
0.0,
0.819943,
5.73058,
0,
0,
0,
1
],
"drawcalls": []
},
{
"name": "mono_array1_crystal_array_arm",
"m4": [
0.817736,
0.0,
0.575593,
-0.158124,
0.0,
1.0,
-0.0,
0.0,
-0.575593,
0.0,
0.817736,
5.73652,
0,
0,
0,
1
],
"drawcalls": [
{
"key": "multiline",
"args": [
0.0,
0.0,
0.0,
0.2,
0.0,
0.0
]
},
{
"key": "multiline",
"args": [
0.0,
0.0,
0.0,
0.0,
0.2,
0.0
]
},
{
"key": "multiline",
"args": [
0.0,
0.0,
0.0,
0.0,
0.0,
0.2
]
}
]
},
{
"name": "mono_array1_crystal_array_0",
"m4": [
0.813826,
-0.0938255,
0.573484,
-0.150489,
0.114531,
0.99342,
-0.0,
-0.168085,
-0.56971,
0.0656815,
0.819217,
5.73115,
0,
0,
0,
1
],
"drawcalls": []
},
{
"name": "mono_array1_crystal_array_1",
"m4": [
0.81387,
-0.0799726,
0.575517,
-0.152277,
0.0977911,
0.995207,
-0.0,
-0.147146,
-0.572758,
0.0562804,
0.81779,
5.73241,
0,
0,
0,
1
],
"drawcalls": []
},
{
"name": "mono_array1_crystal_array_2",
"m4": [
0.812103,
-0.0664583,
0.579717,
-0.153828,
0.0815622,
0.996668,
0.0,
-0.126177,
-0.577785,
0.047283,
0.814818,
5.7335,
0,
0,
0,
1
],
"drawcalls": []
},
{
"name": "mono_array1_crystal_array_3",
"m4": [
0.819624,
-0.0576231,
0.569997,
-0.15514,
0.0701312,
0.997538,
-0.0,
-0.105185,
-0.568594,
0.0399746,
0.821647,
5.73442,
0,
0,
0,
1
],
"drawcalls": []
},
{
"name": "mono_array1_crystal_array_4",
"m4": [
0.81926,
-0.0450537,
0.57165,
-0.156214,
0.0549102,
0.998491,
-0.0,
-0.0841722,
-0.570787,
0.0313894,
0.820498,
5.73518,
0,
0,
0,
1
],
"drawcalls": []
},
{
"name": "mono_array1_crystal_array_5",
"m4": [
0.81821,
-0.0323298,
0.57401,
-0.157049,
0.0394821,
0.99922,
-0.0,
-0.0631434,
-0.573562,
0.0226631,
0.818849,
5.73576,
0,
0,
0,
1
],
"drawcalls": []
},
{
"name": "mono_array1_crystal_array_6",
"m4": [
0.816868,
-0.0188453,
0.576517,
-0.157646,
0.023064,
0.999734,
0.0,
-0.0421023,
-0.576364,
0.0132968,
0.817085,
5.73618,
0,
0,
0,
1
],
"drawcalls": []
},
{
"name": "mono_array1_crystal_array_7",
"m4": [
0.816726,
-0.0116675,
0.576908,
-0.158005,
0.0142843,
0.999898,
0.0,
-0.0210532,
-0.576849,
0.00824072,
0.816809,
5.73644,
0,
0,
0,
1
],
"drawcalls": []
},
{
"name": "mono_array1_crystal_array_8",
"m4": [
0.818428,
-0.00126673,
0.574607,
-0.158124,
0.00154776,
0.999999,
-0.0,
0.0,
-0.574607,
0.000889353,
0.818429,
5.73652,
0,
0,
0,
1
],
"drawcalls": []
},
{
"name": "mono_array1_crystal_array_9",
"m4": [
0.817284,
0.00757499,
0.576185,
-0.158005,
-0.0092681,
0.999957,
0.0,
0.0210532,
-0.576161,
-0.00534014,
0.817319,
5.73644,
0,
0,
0,
1
],
"drawcalls": []
},
{
"name": "mono_array1_crystal_array_10",
"m4": [
0.818747,
0.0206385,
0.573784,
-0.157646,
-0.0251994,
0.999682,
-0.0,
0.0421023,
-0.573602,
-0.014459,
0.819007,
5.73618,
0,
0,
0,
1
],
"drawcalls": []
},
{
"name": "mono_array1_crystal_array_11",
"m4": [
0.821377,
0.0363092,
0.569229,
-0.157049,
-0.0441621,
0.999024,
-0.0,
0.0631434,
-0.568674,
-0.0251384,
0.822179,
5.73576,
0,
0,
0,
1
],
"drawcalls": []
},
{
"name": "mono_array1_crystal_array_12",
"m4": [
0.819239,
0.0429608,
0.571841,
-0.156214,
-0.052368,
0.998628,
-0.0,
0.0841722,
-0.571056,
-0.0299462,
0.820364,
5.73518,
0,
0,
0,
1
],
"drawcalls": []
},
{
"name": "mono_array1_crystal_array_13",
"m4": [
0.814029,
0.0604091,
0.577674,
-0.15514,
-0.0740065,
0.997258,
0.0,
0.105185,
-0.57609,
-0.0427516,
0.816268,
5.73442,
0,
0,
0,
1
],
"drawcalls": []
},
{
"name": "mono_array1_crystal_array_14",
"m4": [
0.815581,
0.0685825,
0.574565,
-0.153828,
-0.0837947,
0.996483,
-0.0,
0.126177,
-0.572544,
-0.0481455,
0.818459,
5.7335,
0,
0,
0,
1
],
"drawcalls": []
},
{
"name": "mono_array1_crystal_array_15",
"m4": [
0.811771,
0.0801851,
0.578444,
-0.152277,
-0.0982996,
0.995157,
0.0,
0.147146,
-0.575643,
-0.0568608,
0.815722,
5.73241,
0,
0,
0,
1
],
"drawcalls": []
},
{
"name": "mono_array1_crystal_array_16",
"m4": [
0.812385,
0.0923593,
0.57576,
-0.150489,
-0.112961,
0.993599,
0.0,
0.168085,
-0.572075,
-0.0650387,
0.817618,
5.73115,
0,
0,
0,
1
],
"drawcalls": []
},
{
"name": "mono_array1_crystal_array_mounting_arch",
"m4": [
0.817736,
0.575593,
3.52449e-17,
1.08137,
0.0,
6.12323e-17,
-1.0,
0.0,
-0.575593,
0.817736,
5.00719e-17,
4.86406,
0,
0,
0,
1
],
"drawcalls": []
},
{
"name": "mono_array1_crystal_array_mounting_arch_vacuum",
"m4": [
0.817736,
0.575593,
3.52449e-17,
1.08137,
0.0,
6.12323e-17,
-1.0,
0.0,
-0.575593,
0.817736,
5.00719e-17,
4.86406,
0,
0,
0,
1
],
"drawcalls": []
},
{
"name": "mono_array1_crystal_array_mounting_arch_mask",
"m4": [
0.817736,
0.0,
0.575593,
-0.166066,
0.0,
1.0,
-0.0,
0.0,
-0.575593,
0.0,
0.817736,
5.74211,
0,
0,
0,
1
],
"drawcalls": []
},
{
"name": "mono_array2_crystal_array_arm",
"m4": [
0.815527,
0.0,
0.578719,
-0.140555,
0.0,
1.0,
-0.0,
0.0,
-0.578719,
0.0,
0.815527,
5.74802,
0,
0,
0,
1
],
"drawcalls": [
{
"key": "multiline",
"args": [
0.0,
0.0,
0.0,
0.2,
0.0,
0.0
]
},
{
"key": "multiline",
"args": [
0.0,
0.0,
0.0,
0.0,
0.2,
0.0
]
},
{
"key": "multiline",
"args": [
0.0,
0.0,
0.0,
0.0,
0.0,
0.2
]
}
]
},
{
"name": "mono_array2_crystal_array_0",
"m4": [
0.809204,
-0.0906402,
0.580495,
-0.132941,
0.111315,
0.993785,
0.0,
-0.168085,
-0.576887,
0.064618,
0.814264,
5.74262,
0,
0,
0,
1
],
"drawcalls": []
},
{
"name": "mono_array2_crystal_array_1",
"m4": [
0.811268,
-0.0791449,
0.579293,
-0.134724,
0.0970961,
0.995275,
0.0,
-0.147146,
-0.576556,
0.0562471,
0.815119,
5.74389,
0,
0,
0,
1
],
"drawcalls": []
},
{
"name": "mono_array2_crystal_array_2",
"m4": [
0.814038,
-0.064447,
0.577225,
-0.13627,
0.0789226,
0.996881,
-0.0,
-0.126177,
-0.575425,
0.0455561,
0.816585,
5.74498,
0,
0,
0,
1
],
"drawcalls": []
},
{
"name": "mono_array2_crystal_array_3",
"m4": [
0.814897,
-0.0589825,
0.576597,
-0.137579,
0.0721915,
0.997391,
-0.0,
-0.105185,
-0.575093,
0.0416254,
0.817028,
5.74591,
0,
0,
0,
1
],
"drawcalls": []
},
{
"name": "mono_array2_crystal_array_4",
"m4": [
0.81496,
-0.0447339,
0.577788,
-0.13865,
0.0548084,
0.998497,
-0.0,
-0.0841722,
-0.576919,
0.0316676,
0.816187,
5.74667,
0,
0,
0,
1
],
"drawcalls": []
},
{
"name": "mono_array2_crystal_array_5",
"m4": [
0.815464,
-0.0325677,
0.577891,
-0.139483,
0.0399058,
0.999203,
-0.0,
-0.0631434,
-0.57743,
0.0230612,
0.816114,
5.74726,
0,
0,
0,
1
],
"drawcalls": []
},
{
"name": "mono_array2_crystal_array_6",
"m4": [
0.816123,
-0.0215048,
0.577478,
-0.140078,
0.0263408,
0.999653,
-0.0,
-0.0421023,
-0.577278,
0.0152113,
0.816406,
5.74769,
0,
0,
0,
1
],
"drawcalls": []
},
{
"name": "mono_array2_crystal_array_7",
"m4": [
0.813567,
-0.0110126,
0.581367,
-0.140436,
0.0135349,
0.999908,
0.0,
-0.0210532,
-0.581314,
0.00786875,
0.813641,
5.74794,
0,
0,
0,
1
],
"drawcalls": []
},
{
"name": "mono_array2_crystal_array_8",
"m4": [
0.815169,
0.00137941,
0.579222,
-0.140555,
-0.00169217,
0.999999,
0.0,
0.0,
-0.579221,
-0.000980143,
0.81517,
5.74802,
0,
0,
0,
1
],
"drawcalls": []
},
{
"name": "mono_array2_crystal_array_9",
"m4": [
0.813884,
0.01021,
0.580937,
-0.140436,
-0.0125438,
0.999921,
0.0,
0.0210532,
-0.580892,
-0.00728718,
0.813948,
5.74794,
0,
0,
0,
1
],
"drawcalls": []
},
{
"name": "mono_array2_crystal_array_10",
"m4": [
0.815327,
0.0229477,
0.578546,
-0.140078,
-0.0281342,
0.999604,
-0.0,
0.0421023,
-0.578317,
-0.0162769,
0.81565,
5.74769,
0,
0,
0,
1
],
"drawcalls": []
},
{
"name": "mono_array2_crystal_array_11",
"m4": [
0.816011,
0.0347989,
0.576988,
-0.139483,
-0.0426065,
0.999092,
-0.0,
0.0631434,
-0.576464,
-0.0245834,
0.816753,
5.74726,
0,
0,
0,
1
],
"drawcalls": []
},
{
"name": "mono_array2_crystal_array_12",
"m4": [
0.814512,
0.045816,
0.578335,
-0.13865,
-0.0561609,
0.998422,
-0.0,
0.0841722,
-0.577423,
-0.0324798,
0.815799,
5.74667,
0,
0,
0,
1
],
"drawcalls": []
},
{
"name": "mono_array2_crystal_array_13",
"m4": [
0.814694,
0.0560172,
0.577179,
-0.137579,
-0.0685966,
0.997644,
-0.0,
0.105185,
-0.575819,
-0.0395925,
0.816618,
5.74591,
0,
0,
0,
1
],
"drawcalls": []
},
{
"name": "mono_array2_crystal_array_14",
"m4": [
0.815042,
0.067532,
0.575453,
-0.13627,
-0.0825741,
0.996585,
-0.0,
0.126177,
-0.573487,
-0.0475174,
0.817835,
5.74498,
0,
0,
0,
1
],
"drawcalls": []
},
{
"name": "mono_array2_crystal_array_15",
"m4": [
0.811341,
0.081239,
0.578901,
-0.134724,
-0.0996311,
0.995024,
0.0,
0.147146,
-0.57602,
-0.0576766,
0.815398,
5.74389,
0,
0,
0,
1
],
"drawcalls": []
},
{
"name": "mono_array2_crystal_array_16",
"m4": [
0.806989,
0.0934897,
0.58312,
-0.132941,
-0.11508,
0.993356,
0.0,
0.168085,
-0.579246,
-0.0671057,
0.812386,
5.74262,
0,
0,
0,
1
],
"drawcalls": []
},
{
"name": "mono_array2_crystal_array_mounting_arch",
"m4": [
0.815527,
0.578719,
3.54363e-17,
1.09559,
0.0,
6.12323e-17,
-1.0,
0.0,
-0.578719,
0.815527,
4.99366e-17,
4.87082,
0,
0,
0,
1
],
"drawcalls": []
},
{
"name": "mono_array2_crystal_array_mounting_arch_vacuum",
"m4": [
0.815527,
0.578719,
3.54363e-17,
1.09559,
0.0,
6.12323e-17,
-1.0,
0.0,
-0.578719,
0.815527,
4.99366e-17,
4.87082,
0,
0,
0,
1
],
"drawcalls": []
},
{
"name": "mono_array2_crystal_array_mounting_arch_mask",
"m4": [
0.815527,
0.0,
0.578719,
-0.148475,
0.0,
1.0,
-0.0,
0.0,
-0.578719,
0.0,
0.815527,
5.75364,
0,
0,
0,
1
],
"drawcalls": []
},
{
"name": "mono_array3_crystal_array_arm",
"m4": [
0.813317,
0.0,
0.581821,
-0.122985,
0.0,
1.0,
-0.0,
0.0,
-0.581821,
0.0,
0.813317,
5.75953,
0,
0,
0,
1
],
"drawcalls": [
{
"key": "multiline",
"args": [
0.0,
0.0,
0.0,
0.2,
0.0,
0.0
]
},
{
"key": "multiline",
"args": [
0.0,
0.0,
0.0,
0.0,
0.2,
0.0
]
},
{
"key": "multiline",
"args": [
0.0,
0.0,
0.0,
0.0,
0.0,
0.2
]
}
]
},
{
"name": "mono_array3_crystal_array_0",
"m4": [
0.805384,
-0.0917054,
0.585617,
-0.115392,
0.113134,
0.99358,
0.0,
-0.168085,
-0.581857,
0.0662534,
0.810588,
5.75409,
0,
0,
0,
1
],
"drawcalls": []
},
{
"name": "mono_array3_crystal_array_1",
"m4": [
0.810267,
-0.0756674,
0.581156,
-0.11717,
0.0929812,
0.995668,
-0.0,
-0.147146,
-0.578638,
0.0540366,
0.813792,
5.75537,
0,
0,
0,
1
],
"drawcalls": []
},
{
"name": "mono_array3_crystal_array_2",
"m4": [
0.809259,
-0.0675934,
0.58355,
-0.118712,
0.0832353,
0.99653,
0.0,
-0.126177,
-0.581525,
0.0485719,
0.812077,
5.75647,
0,
0,
0,
1
],
"drawcalls": []
},
{
"name": "mono_array3_crystal_array_3",
"m4": [
0.811415,
-0.0585237,
0.581533,
-0.120017,
0.0719386,
0.997409,
-0.0,
-0.105185,
-0.580026,
0.0418346,
0.813523,
5.7574,
0,
0,
0,
1
],
"drawcalls": []
},
{
"name": "mono_array3_crystal_array_4",
"m4": [
0.810018,
-0.0479369,
0.584443,
-0.121086,
0.0590767,
0.998253,
0.0,
-0.0841722,
-0.583422,
0.034527,
0.811435,
5.75817,
0,
0,
0,
1
],
"drawcalls": []
},
{
"name": "mono_array3_crystal_array_5",
"m4": [
0.812019,
-0.0364832,
0.58249,
-0.121917,
0.0448838,
0.998992,
0.0,
-0.0631434,
-0.581903,
0.0261444,
0.812838,
5.75876,
0,
0,
0,
1
],
"drawcalls": []
},
{
"name": "mono_array3_crystal_array_6",
"m4": [
0.813567,
-0.0255952,
0.580908,
-0.12251,
0.031445,
0.999505,
-0.0,
-0.0421023,
-0.580621,
0.0182666,
0.813969,
5.75919,
0,
0,
0,
1
],
"drawcalls": []
},
{
"name": "mono_array3_crystal_array_7",
"m4": [
0.812352,
-0.0107456,
0.583069,
-0.122867,
0.0132266,
0.999913,
0.0,
-0.0210532,
-0.583018,
0.00771199,
0.812423,
5.75944,
0,
0,
0,
1
],
"drawcalls": []
},
{
"name": "mono_array3_crystal_array_8",
"m4": [
0.812667,
0.00266487,
0.582722,
-0.122985,
-0.00327915,
0.999995,
0.0,
0.0,
-0.582718,
-0.00191083,
0.812672,
5.75953,
0,
0,
0,
1
],
"drawcalls": []
},
{
"name": "mono_array3_crystal_array_9",
"m4": [
0.81651,
0.0136215,
0.57717,
-0.122867,
-0.0166803,
0.999861,
-0.0,
0.0210532,
-0.57709,
-0.00962735,
0.816624,
5.75944,
0,
0,
0,
1
],
"drawcalls": []
},
{
"name": "mono_array3_crystal_array_10",
"m4": [
0.811684,
0.0230875,
0.58364,
-0.12251,
-0.0284324,
0.999596,
0.0,
0.0421023,
-0.583405,
-0.0165943,
0.812012,
5.75919,
0,
0,
0,
1
],
"drawcalls": []
},
{
"name": "mono_array3_crystal_array_11",
"m4": [
0.813063,
0.0386635,
0.580891,
-0.121917,
-0.0474992,
0.998871,
-0.0,
0.0631434,
-0.580235,
-0.0275918,
0.813982,
5.75876,
0,
0,
0,
1
],
"drawcalls": []
},
{
"name": "mono_array3_crystal_array_12",
"m4": [
0.811069,
0.0455605,
0.583174,
-0.121086,
-0.056085,
0.998426,
0.0,
0.0841722,
-0.582256,
-0.0327073,
0.812347,
5.75817,
0,
0,
0,
1
],
"drawcalls": []
},
{
"name": "mono_array3_crystal_array_13",
"m4": [
0.810305,
0.0567916,
0.58325,
-0.120017,
-0.0699152,
0.997553,
0.0,
0.105185,
-0.581823,
-0.040778,
0.812293,
5.7574,
0,
0,
0,
1
],
"drawcalls": []
},
{
"name": "mono_array3_crystal_array_14",
"m4": [
0.812263,
0.067527,
0.579369,
-0.118712,
-0.0828486,
0.996562,
-0.0,
0.126177,
-0.577377,
-0.0479999,
0.815065,
5.75647,
0,
0,
0,
1
],
"drawcalls": []
},
{
"name": "mono_array3_crystal_array_15",
"m4": [
0.808401,
0.0768315,
0.583596,
-0.11717,
-0.0946149,
0.995514,
0.0,
0.147146,
-0.580978,
-0.0552168,
0.812044,
5.75537,
0,
0,
0,
1
],
"drawcalls": []
},
{
"name": "mono_array3_crystal_array_16",
"m4": [
0.807853,
0.0904308,
0.582405,
-0.115392,
-0.111245,
0.993793,
0.0,
0.168085,
-0.57879,
-0.0647895,
0.812899,
5.75409,
0,
0,
0,
1
],
"drawcalls": []
},
{
"name": "mono_array3_crystal_array_mounting_arch",
"m4": [
0.813317,
0.581821,
3.56262e-17,
1.10981,
0.0,
6.12323e-17,
-1.0,
0.0,
-0.581821,
0.813317,
4.98013e-17,
4.87762,
0,
0,
0,
1
],
"drawcalls": []
},
{
"name": "mono_array3_crystal_array_mounting_arch_vacuum",
"m4": [
0.813317,
0.581821,
3.56262e-17,
1.10981,
0.0,
6.12323e-17,
-1.0,
0.0,
-0.581821,
0.813317,
4.98013e-17,
4.87762,
0,
0,
0,
1
],
"drawcalls": []
},
{
"name": "mono_array3_crystal_array_mounting_arch_mask",
"m4": [
0.813317,
0.0,
0.581821,
-0.130884,
0.0,
1.0,
-0.0,
0.0,
-0.581821,
0.0,
0.813317,
5.76518,
0,
0,
0,
1
],
"drawcalls": []
},
{
"name": "mono_array4_crystal_array_arm",
"m4": [
0.811106,
0.0,
0.5849,
-0.105416,
0.0,
1.0,
-0.0,
0.0,
-0.5849,
0.0,
0.811106,
5.77103,
0,
0,
0,
1
],
"drawcalls": [
{
"key": "multiline",
"args": [
0.0,
0.0,
0.0,
0.2,
0.0,
0.0
]
},
{
"key": "multiline",
"args": [
0.0,
0.0,
0.0,
0.0,
0.2,
0.0
]
},
{
"key": "multiline",
"args": [
0.0,
0.0,
0.0,
0.0,
0.0,
0.2
]
}
]
},
{
"name": "mono_array4_crystal_array_0",
"m4": [
0.804436,
-0.0849717,
0.587931,
-0.0978434,
0.105044,
0.994468,
0.0,
-0.168085,
-0.584678,
0.0617589,
0.808911,
5.76557,
0,
0,
0,
1
],
"drawcalls": []
},
{
"name": "mono_array4_crystal_array_1",
"m4": [
0.805334,
-0.0758375,
0.58795,
-0.0996168,
0.0937542,
0.995595,
0.0,
-0.147146,
-0.585361,
0.0551228,
0.808897,
5.76685,
0,
0,
0,
1
],
"drawcalls": []
},
{
"name": "mono_array4_crystal_array_2",
"m4": [
0.808046,
-0.0669122,
0.585306,
-0.101154,
0.0825249,
0.996589,
0.0,
-0.126177,
-0.58331,
0.0483024,
0.810812,
5.76796,
0,
0,
0,
1
],
"drawcalls": []
},
{
"name": "mono_array4_crystal_array_3",
"m4": [
0.808054,
-0.0574349,
0.586302,
-0.102456,
0.0708992,
0.997483,
0.0,
-0.105185,
-0.584826,
0.0415683,
0.810093,
5.7689,
0,
0,
0,
1
],
"drawcalls": []
},
{
"name": "mono_array4_crystal_array_4",
"m4": [
0.810538,
-0.0465927,
0.58383,
-0.103521,
0.0573889,
0.998352,
-0.0,
-0.0841722,
-0.582868,
0.0335054,
0.811876,
5.76966,
0,
0,
0,
1
],
"drawcalls": []
},
{
"name": "mono_array4_crystal_array_5",
"m4": [
0.811106,
-0.0379334,
0.583668,
-0.10435,
0.0467165,
0.998908,
-0.0,
-0.0631434,
-0.583031,
0.0272669,
0.811992,
5.77026,
0,
0,
0,
1
],
"drawcalls": []
},
{
"name": "mono_array4_crystal_array_6",
"m4": [
0.808992,
-0.0219866,
0.587408,
-0.104942,
0.0271678,
0.999631,
0.0,
-0.0421023,
-0.587192,
0.0159586,
0.809291,
5.77069,
0,
0,
0,
1
],
"drawcalls": []
},
{
"name": "mono_array4_crystal_array_7",
"m4": [
0.809858,
-0.00756594,
0.586577,
-0.105298,
0.00934189,
0.999956,
0.0,
-0.0210532,
-0.586551,
0.00547974,
0.809893,
5.77094,
0,
0,
0,
1
],
"drawcalls": []
},
{
"name": "mono_array4_crystal_array_8",
"m4": [
0.808986,
-0.000770513,
0.587828,
-0.105416,
0.000952443,
1.0,
0.0,
0.0,
-0.587828,
0.000559873,
0.808986,
5.77103,
0,
0,
0,
1
],
"drawcalls": []
},
{
"name": "mono_array4_crystal_array_9",
"m4": [
0.812921,
0.00934784,
0.582299,
-0.105298,
-0.0114983,
0.999934,
-0.0,
0.0210532,
-0.58226,
-0.00669545,
0.812975,
5.77094,
0,
0,
0,
1
],
"drawcalls": []
},
{
"name": "mono_array4_crystal_array_10",
"m4": [
0.81034,
0.0234424,
0.58549,
-0.104942,
-0.0289169,
0.999582,
0.0,
0.0421023,
-0.585245,
-0.0169306,
0.81068,
5.77069,
0,
0,
0,
1
],
"drawcalls": []
},
{
"name": "mono_array4_crystal_array_11",
"m4": [
0.809925,
0.0322576,
0.585646,
-0.10435,
-0.0397963,
0.999208,
0.0,
0.0631434,
-0.585182,
-0.0233065,
0.810567,
5.77026,
0,
0,
0,
1
],
"drawcalls": []
},
{
"name": "mono_array4_crystal_array_12",
"m4": [
0.811573,
0.0491933,
0.582177,
-0.103521,
-0.0605037,
0.998168,
-0.0,
0.0841722,
-0.58111,
-0.0352239,
0.813062,
5.76966,
0,
0,
0,
1
],
"drawcalls": []
},
{
"name": "mono_array4_crystal_array_13",
"m4": [
0.809068,
0.0557774,
0.585062,
-0.102456,
-0.068777,
0.997632,
0.0,
0.105185,
-0.583677,
-0.0402388,
0.810989,
5.7689,
0,
0,
0,
1
],
"drawcalls": []
},
{
"name": "mono_array4_crystal_array_14",
"m4": [
0.81002,
0.0692993,
0.582293,
-0.101154,
-0.0852412,
0.99636,
-0.0,
0.126177,
-0.580174,
-0.0496354,
0.812979,
5.76796,
0,
0,
0,
1
],
"drawcalls": []
},
{
"name": "mono_array4_crystal_array_15",
"m4": [
0.807448,
0.0792559,
0.58459,
-0.0996168,
-0.0976865,
0.995217,
-0.0,
0.147146,
-0.581794,
-0.0571066,
0.811329,
5.76685,
0,
0,
0,
1
],
"drawcalls": []
},
{
"name": "mono_array4_crystal_array_16",
"m4": [
0.806527,
0.0917799,
0.58403,
-0.0978434,
-0.113067,
0.993587,
-0.0,
0.168085,
-0.580285,
-0.0660344,
0.811732,
5.76557,
0,
0,
0,
1
],
"drawcalls": []
},
{
"name": "mono_array4_crystal_array_mounting_arch",
"m4": [
0.811106,
0.5849,
3.58148e-17,
1.12403,
0.0,
6.12323e-17,
-1.0,
0.0,
-0.5849,
0.811106,
4.96659e-17,
4.88446,
0,
0,
0,
1
],
"drawcalls": []
},
{
"name": "mono_array4_crystal_array_mounting_arch_vacuum",
"m4": [
0.811106,
0.5849,
3.58148e-17,
1.12403,
0.0,
6.12323e-17,
-1.0,
0.0,
-0.5849,
0.811106,
4.96659e-17,
4.88446,
0,
0,
0,
1
],
"drawcalls": []
},
{
"name": "mono_array4_crystal_array_mounting_arch_mask",
"m4": [
0.811106,
0.0,
0.5849,
-0.113293,
0.0,
1.0,
-0.0,
0.0,
-0.5849,
0.0,
0.811106,
5.77671,
0,
0,
0,
1
],
"drawcalls": []
},
{
"name": "mono_array5_crystal_array_arm",
"m4": [
0.808893,
0.0,
0.587956,
-0.0878466,
0.0,
1.0,
-0.0,
0.0,
-0.587956,
0.0,
0.808893,
5.78253,
0,
0,
0,
1
],
"drawcalls": [
{
"key": "multiline",
"args": [
0.0,
0.0,
0.0,
0.2,
0.0,
0.0
]
},
{
"key": "multiline",
"args": [
0.0,
0.0,
0.0,
0.0,
0.2,
0.0
]
},
{
"key": "multiline",
"args": [
0.0,
0.0,
0.0,
0.0,
0.0,
0.2
]
}
]
},
{
"name": "mono_array5_crystal_array_0",
"m4": [
0.803981,
-0.0902316,
0.587769,
-0.0802948,
0.111531,
0.993761,
-0.0,
-0.168085,
-0.584102,
0.0655544,
0.809028,
5.77704,
0,
0,
0,
1
],
"drawcalls": []
},
{
"name": "mono_array5_crystal_array_1",
"m4": [
0.804722,
-0.0787451,
0.588406,
-0.0820633,
0.0973886,
0.995246,
0.0,
-0.147146,
-0.585609,
0.057304,
0.808566,
5.77833,
0,
0,
0,
1
],
"drawcalls": []
},
{
"name": "mono_array5_crystal_array_2",
"m4": [
0.804719,
-0.0691429,
0.589615,
-0.0835968,
0.0856063,
0.996329,
0.0,
-0.126177,
-0.587451,
0.0504748,
0.807684,
5.77944,
0,
0,
0,
1
],
"drawcalls": []
},
{
"name": "mono_array5_crystal_array_3",
"m4": [
0.806727,
-0.0547301,
0.588384,
-0.0848948,
0.0676866,
0.997707,
0.0,
-0.105185,
-0.587034,
0.0398257,
0.808582,
5.78039,
0,
0,
0,
1
],
"drawcalls": []
},
{
"name": "mono_array5_crystal_array_4",
"m4": [
0.80678,
-0.0422057,
0.589343,
-0.0859572,
0.0522424,
0.998634,
0.0,
-0.0841722,
-0.588538,
0.0307886,
0.807883,
5.78116,
0,
0,
0,
1
],
"drawcalls": []
},
{
"name": "mono_array5_crystal_array_5",
"m4": [
0.808511,
-0.0347841,
0.587452,
-0.0867837,
0.0429826,
0.999076,
-0.0,
-0.0631434,
-0.586909,
0.0252502,
0.809259,
5.78176,
0,
0,
0,
1
],
"drawcalls": []
},
{
"name": "mono_array5_crystal_array_6",
"m4": [
0.811178,
-0.0261619,
0.584214,
-0.0873742,
0.0322349,
0.99948,
-0.0,
-0.0421023,
-0.58391,
0.0188321,
0.8116,
5.78219,
0,
0,
0,
1
],
"drawcalls": []
},
{
"name": "mono_array5_crystal_array_7",
"m4": [
0.807886,
-0.0118959,
0.589219,
-0.0877285,
0.0147232,
0.999892,
0.0,
-0.0210532,
-0.589155,
0.00867517,
0.807973,
5.78245,
0,
0,
0,
1
],
"drawcalls": []
},
{
"name": "mono_array5_crystal_array_8",
"m4": [
0.809918,
-0.00197252,
0.58654,
-0.0878466,
0.00243545,
0.999997,
-0.0,
0.0,
-0.586538,
0.00142849,
0.809921,
5.78253,
0,
0,
0,
1
],
"drawcalls": []
},
{
"name": "mono_array5_crystal_array_9",
"m4": [
0.810886,
0.00819807,
0.585147,
-0.0877285,
-0.0101095,
0.999949,
-0.0,
0.0210532,
-0.585117,
-0.00591554,
0.810927,
5.78245,
0,
0,
0,
1
],
"drawcalls": []
},
{
"name": "mono_array5_crystal_array_10",
"m4": [
0.806556,
0.0234091,
0.590694,
-0.0873742,
-0.0290112,
0.999579,
0.0,
0.0421023,
-0.590445,
-0.0171368,
0.806896,
5.78219,
0,
0,
0,
1
],
"drawcalls": []
},
{
"name": "mono_array5_crystal_array_11",
"m4": [
0.807586,
0.0325487,
0.588851,
-0.0867837,
-0.040271,
0.999189,
0.0,
0.0631434,
-0.588373,
-0.0237136,
0.808242,
5.78176,
0,
0,
0,
1
],
"drawcalls": []
},
{
"name": "mono_array5_crystal_array_12",
"m4": [
0.808967,
0.0460759,
0.586046,
-0.0859572,
-0.0568643,
0.998382,
-0.0,
0.0841722,
-0.585097,
-0.0333251,
0.810278,
5.78116,
0,
0,
0,
1
],
"drawcalls": []
},
{
"name": "mono_array5_crystal_array_13",
"m4": [
0.80677,
0.0562383,
0.588183,
-0.0848948,
-0.0695392,
0.997579,
0.0,
0.105185,
-0.586759,
-0.0409018,
0.808728,
5.78039,
0,
0,
0,
1
],
"drawcalls": []
},
{
"name": "mono_array5_crystal_array_14",
"m4": [
0.806717,
0.0661838,
