MCDATA_instrdata = {
"name": "dmtas",
"abspath": "MACS_monochromator.instr",
"params": [],
"params_defaults": [],
"params_values": [],
"cmd": "mcrun MACS_monochromator.out --no-output-files --trace --ncount=300 --dir=/mnt/c/Users/tjh/OneDrive - NIST/GitHub/pyMACS/pyMACS/Demonstration/cri3_experiment/Instrument_files/MACS_monochromator_20240606_170458",
"boundingbox": {
"xmin": -0.362,
"xmax": 1.42357135,
"ymin": -0.362,
"ymax": 0.362,
"zmin": 0.14,
"zmax": 6.2883002999999995,
"drawcalls": [
{
"key": "multiline",
"args": [
-0.362,
-0.362,
0.14,
-0.362,
0.362,
0.14,
1.42357135,
0.362,
0.14,
1.42357135,
-0.362,
0.14,
-0.362,
-0.362,
0.14
]
},
{
"key": "multiline",
"args": [
-0.362,
-0.362,
6.2883002999999995,
-0.362,
0.362,
6.2883002999999995,
1.42357135,
0.362,
6.2883002999999995,
1.42357135,
-0.362,
6.2883002999999995,
-0.362,
-0.362,
6.2883002999999995
]
},
{
"key": "line",
"args": [
-0.362,
-0.362,
0.14,
-0.362,
-0.362,
6.2883002999999995
]
},
{
"key": "line",
"args": [
1.42357135,
-0.362,
0.14,
1.42357135,
-0.362,
6.2883002999999995
]
},
{
"key": "line",
"args": [
-0.362,
0.362,
0.14,
-0.362,
0.362,
6.2883002999999995
]
},
{
"key": "line",
"args": [
1.42357135,
0.362,
0.14,
1.42357135,
0.362,
6.2883002999999995
]
},
{
"key": "line",
"args": [
0.638,
-0.362,
0.14,
0.638,
-0.262,
0.14
]
},
{
"key": "line",
"args": [
0.638,
0.362,
0.14,
0.638,
0.262,
0.14
]
},
{
"key": "line",
"args": [
0.638,
-0.362,
6.2883002999999995,
0.638,
-0.262,
6.2883002999999995
]
},
{
"key": "line",
"args": [
0.638,
0.362,
6.2883002999999995,
0.638,
0.262,
6.2883002999999995
]
},
{
"key": "line",
"args": [
0.638,
-0.362,
0.14,
0.638,
-0.362,
0.24000000000000002
]
},
{
"key": "line",
"args": [
0.638,
-0.362,
6.2883002999999995,
0.638,
-0.362,
6.1883003
]
},
{
"key": "line",
"args": [
-0.362,
-0.362,
1.1400000000000001,
-0.262,
-0.362,
1.1400000000000001
]
},
{
"key": "line",
"args": [
1.42357135,
-0.362,
1.1400000000000001,
1.32357135,
-0.362,
1.1400000000000001
]
},
{
"key": "line",
"args": [
-0.362,
-0.362,
2.14,
-0.262,
-0.362,
2.14
]
},
{
"key": "line",
"args": [
1.42357135,
-0.362,
2.14,
1.32357135,
-0.362,
2.14
]
},
{
"key": "line",
"args": [
-0.362,
-0.362,
3.14,
-0.262,
-0.362,
3.14
]
},
{
"key": "line",
"args": [
1.42357135,
-0.362,
3.14,
1.32357135,
-0.362,
3.14
]
},
{
"key": "line",
"args": [
-0.362,
-0.362,
4.140000000000001,
-0.262,
-0.362,
4.140000000000001
]
},
{
"key": "line",
"args": [
1.42357135,
-0.362,
4.140000000000001,
1.32357135,
-0.362,
4.140000000000001
]
},
{
"key": "line",
"args": [
-0.362,
-0.362,
5.140000000000001,
-0.262,
-0.362,
5.140000000000001
]
},
{
"key": "line",
"args": [
1.42357135,
-0.362,
5.140000000000001,
1.32357135,
-0.362,
5.140000000000001
]
},
{
"key": "line",
"args": [
-0.362,
-0.362,
6.140000000000001,
-0.262,
-0.362,
6.140000000000001
]
},
{
"key": "line",
"args": [
1.42357135,
-0.362,
6.140000000000001,
1.32357135,
-0.362,
6.140000000000001
]
},
{
"key": "line",
"args": [
0.638,
0.362,
0.14,
0.638,
0.362,
0.24000000000000002
]
},
{
"key": "line",
"args": [
0.638,
0.362,
6.2883002999999995,
0.638,
0.362,
6.1883003
]
},
{
"key": "line",
"args": [
-0.362,
0.362,
1.1400000000000001,
-0.262,
0.362,
1.1400000000000001
]
},
{
"key": "line",
"args": [
1.42357135,
0.362,
1.1400000000000001,
1.32357135,
0.362,
1.1400000000000001
]
},
{
"key": "line",
"args": [
-0.362,
0.362,
2.14,
-0.262,
0.362,
2.14
]
},
{
"key": "line",
"args": [
1.42357135,
0.362,
2.14,
1.32357135,
0.362,
2.14
]
},
{
"key": "line",
"args": [
-0.362,
0.362,
3.14,
-0.262,
0.362,
3.14
]
},
{
"key": "line",
"args": [
1.42357135,
0.362,
3.14,
1.32357135,
0.362,
3.14
]
},
{
"key": "line",
"args": [
-0.362,
0.362,
4.140000000000001,
-0.262,
0.362,
4.140000000000001
]
},
{
"key": "line",
"args": [
1.42357135,
0.362,
4.140000000000001,
1.32357135,
0.362,
4.140000000000001
]
},
{
"key": "line",
"args": [
-0.362,
0.362,
5.140000000000001,
-0.262,
0.362,
5.140000000000001
]
},
{
"key": "line",
"args": [
1.42357135,
0.362,
5.140000000000001,
1.32357135,
0.362,
5.140000000000001
]
},
{
"key": "line",
"args": [
-0.362,
0.362,
6.140000000000001,
-0.262,
0.362,
6.140000000000001
]
},
{
"key": "line",
"args": [
1.42357135,
0.362,
6.140000000000001,
1.32357135,
0.362,
6.140000000000001
]
},
{
"key": "line",
"args": [
-0.362,
-0.362,
1.1400000000000001,
-0.362,
-0.262,
1.1400000000000001
]
},
{
"key": "line",
"args": [
-0.362,
0.362,
1.1400000000000001,
-0.362,
0.262,
1.1400000000000001
]
},
{
"key": "line",
"args": [
-0.362,
-0.362,
2.14,
-0.362,
-0.262,
2.14
]
},
{
"key": "line",
"args": [
-0.362,
0.362,
2.14,
-0.362,
0.262,
2.14
]
},
{
"key": "line",
"args": [
-0.362,
-0.362,
3.14,
-0.362,
-0.262,
3.14
]
},
{
"key": "line",
"args": [
-0.362,
0.362,
3.14,
-0.362,
0.262,
3.14
]
},
{
"key": "line",
"args": [
-0.362,
-0.362,
4.140000000000001,
-0.362,
-0.262,
4.140000000000001
]
},
{
"key": "line",
"args": [
-0.362,
0.362,
4.140000000000001,
-0.362,
0.262,
4.140000000000001
]
},
{
"key": "line",
"args": [
-0.362,
-0.362,
5.140000000000001,
-0.362,
-0.262,
5.140000000000001
]
},
{
"key": "line",
"args": [
-0.362,
0.362,
5.140000000000001,
-0.362,
0.262,
5.140000000000001
]
},
{
"key": "line",
"args": [
-0.362,
-0.362,
6.140000000000001,
-0.362,
-0.262,
6.140000000000001
]
},
{
"key": "line",
"args": [
-0.362,
0.362,
6.140000000000001,
-0.362,
0.262,
6.140000000000001
]
},
{
"key": "line",
"args": [
1.42357135,
-0.362,
1.1400000000000001,
1.42357135,
-0.262,
1.1400000000000001
]
},
{
"key": "line",
"args": [
1.42357135,
0.362,
1.1400000000000001,
1.42357135,
0.262,
1.1400000000000001
]
},
{
"key": "line",
"args": [
1.42357135,
-0.362,
2.14,
1.42357135,
-0.262,
2.14
]
},
{
"key": "line",
"args": [
1.42357135,
0.362,
2.14,
1.42357135,
0.262,
2.14
]
},
{
"key": "line",
"args": [
1.42357135,
-0.362,
3.14,
1.42357135,
-0.262,
3.14
]
},
{
"key": "line",
"args": [
1.42357135,
0.362,
3.14,
1.42357135,
0.262,
3.14
]
},
{
"key": "line",
"args": [
1.42357135,
-0.362,
4.140000000000001,
1.42357135,
-0.262,
4.140000000000001
]
},
{
"key": "line",
"args": [
1.42357135,
0.362,
4.140000000000001,
1.42357135,
0.262,
4.140000000000001
]
},
{
"key": "line",
"args": [
1.42357135,
-0.362,
5.140000000000001,
1.42357135,
-0.262,
5.140000000000001
]
},
{
"key": "line",
"args": [
1.42357135,
0.362,
5.140000000000001,
1.42357135,
0.262,
5.140000000000001
]
},
{
"key": "line",
"args": [
1.42357135,
-0.362,
6.140000000000001,
1.42357135,
-0.262,
6.140000000000001
]
},
{
"key": "line",
"args": [
1.42357135,
0.362,
6.140000000000001,
1.42357135,
0.262,
6.140000000000001
]
}
]
},
"components": [
{
"name": "init",
"m4": [
1.0,
0.0,
0.0,
0.0,
0.0,
1.0,
0.0,
0.0,
0.0,
0.0,
1.0,
0.0,
0,
0,
0,
1
],
"drawcalls": []
},
{
"name": "Arm0",
"m4": [
1.0,
0.0,
0.0,
0.0,
0.0,
1.0,
0.0,
0.0,
0.0,
0.0,
1.0,
0.0,
0,
0,
0,
1
],
"drawcalls": []
},
{
"name": "source",
"m4": [
1.0,
0.0,
0.0,
0.0,
0.0,
1.0,
0.0,
0.0,
0.0,
0.0,
1.0,
0.14,
0,
0,
0,
1
],
"drawcalls": [
{
"key": "multiline",
"args": [
-0.18406,
-0.178089,
0.0,
0.18406,
-0.178089,
0.0,
0.18406,
0.178089,
0.0,
-0.18406,
0.178089,
0.0,
-0.18406,
-0.178089,
0.0
]
},
{
"key": "multiline",
"args": [
0.0,
0.0,
0.0,
-0.0204511,
-0.0197877,
0.606559
]
},
{
"key": "multiline",
"args": [
-0.0409021,
-0.0395754,
1.21312,
-0.0613532,
-0.059363,
1.81968
]
},
{
"key": "multiline",
"args": [
-0.0818043,
-0.0791507,
2.42624,
-0.102255,
-0.0989384,
3.0328
]
},
{
"key": "multiline",
"args": [
-0.122706,
-0.118726,
3.63935,
-0.143157,
-0.138514,
4.24591
]
},
{
"key": "multiline",
"args": [
-0.163609,
-0.158301,
4.85247,
-0.18406,
-0.178089,
5.45903
]
},
{
"key": "multiline",
"args": [
0.0,
0.0,
0.0,
0.0204511,
-0.0197877,
0.606559
]
},
{
"key": "multiline",
"args": [
0.0409021,
-0.0395754,
1.21312,
0.0613532,
-0.059363,
1.81968
]
},
{
"key": "multiline",
"args": [
0.0818043,
-0.0791507,
2.42624,
0.102255,
-0.0989384,
3.0328
]
},
{
"key": "multiline",
"args": [
0.122706,
-0.118726,
3.63935,
0.143157,
-0.138514,
4.24591
]
},
{
"key": "multiline",
"args": [
0.163609,
-0.158301,
4.85247,
0.18406,
-0.178089,
5.45903
]
},
{
"key": "multiline",
"args": [
0.0,
0.0,
0.0,
0.0204511,
0.0197877,
0.606559
]
},
{
"key": "multiline",
"args": [
0.0409021,
0.0395754,
1.21312,
0.0613532,
0.059363,
1.81968
]
},
{
"key": "multiline",
"args": [
0.0818043,
0.0791507,
2.42624,
0.102255,
0.0989384,
3.0328
]
},
{
"key": "multiline",
"args": [
0.122706,
0.118726,
3.63935,
0.143157,
0.138514,
4.24591
]
},
{
"key": "multiline",
"args": [
0.163609,
0.158301,
4.85247,
0.18406,
0.178089,
5.45903
]
},
{
"key": "multiline",
"args": [
0.0,
0.0,
0.0,
-0.0204511,
0.0197877,
0.606559
]
},
{
"key": "multiline",
"args": [
-0.0409021,
0.0395754,
1.21312,
-0.0613532,
0.059363,
1.81968
]
},
{
"key": "multiline",
"args": [
-0.0818043,
0.0791507,
2.42624,
-0.102255,
0.0989384,
3.0328
]
},
{
"key": "multiline",
"args": [
-0.122706,
0.118726,
3.63935,
-0.143157,
0.138514,
4.24591
]
},
{
"key": "multiline",
"args": [
-0.163609,
0.158301,
4.85247,
-0.18406,
0.178089,
5.45903
]
}
]
},
{
"name": "circular_plugin1",
"m4": [
1.0,
0.0,
0.0,
0.028,
0.0,
1.0,
0.0,
0.0,
0.0,
0.0,
1.0,
0.1401,
0,
0,
0,
1
],
"drawcalls": [
{
"key": "circle",
"args": [
"xy",
0.0,
0.0,
0.0,
0.094
]
}
]
},
{
"name": "circular_plugin2",
"m4": [
1.0,
0.0,
0.0,
-0.028,
0.0,
1.0,
0.0,
0.0,
0.0,
0.0,
1.0,
0.1402,
0,
0,
0,
1
],
"drawcalls": [
{
"key": "circle",
"args": [
"xy",
0.0,
0.0,
0.0,
0.094
]
}
]
},
{
"name": "circular_plugin3",
"m4": [
1.0,
0.0,
0.0,
0.0,
0.0,
1.0,
0.0,
0.0,
0.0,
0.0,
1.0,
0.1403,
0,
0,
0,
1
],
"drawcalls": [
{
"key": "circle",
"args": [
"xy",
0.0,
0.0,
0.0,
0.082
]
}
]
},
{
"name": "tube1",
"m4": [
1.0,
0.0,
0.0,
0.0,
0.0,
1.0,
0.0,
0.0,
0.0,
0.0,
1.0,
0.15,
0,
0,
0,
1
],
"drawcalls": [
{
"key": "circle",
"args": [
"xy",
0.0,
0.0,
0.0,
0.065
]
},
{
"key": "circle",
"args": [
"xy",
0.0,
0.0,
0.79,
0.065
]
}
]
},
{
"name": "tube1A",
"m4": [
1.0,
0.0,
0.0,
0.0,
0.0,
1.0,
0.0,
0.0,
0.0,
0.0,
1.0,
0.95,
0,
0,
0,
1
],
"drawcalls": [
{
"key": "circle",
"args": [
"xy",
0.0,
0.0,
0.0,
0.165
]
},
{
"key": "circle",
"args": [
"xy",
0.0,
0.0,
1.69,
0.165
]
}
]
},
{
"name": "tube2",
"m4": [
1.0,
0.0,
0.0,
0.0,
0.0,
1.0,
0.0,
0.0,
0.0,
0.0,
1.0,
2.65,
0,
0,
0,
1
],
"drawcalls": [
{
"key": "circle",
"args": [
"xy",
0.0,
0.0,
0.0,
0.1187
]
},
{
"key": "circle",
"args": [
"xy",
0.0,
0.0,
0.8,
0.1411
]
}
]
},
{
"name": "tube3",
"m4": [
1.0,
0.0,
0.0,
0.0,
0.0,
1.0,
0.0,
0.0,
0.0,
0.0,
1.0,
3.475,
0,
0,
0,
1
],
"drawcalls": [
{
"key": "circle",
"args": [
"xy",
0.0,
0.0,
0.0,
0.1418
]
},
{
"key": "circle",
"args": [
"xy",
0.0,
0.0,
0.45,
0.1543
]
}
]
},
{
"name": "tube4",
"m4": [
1.0,
0.0,
0.0,
0.0,
0.0,
1.0,
0.0,
0.0,
0.0,
0.0,
1.0,
3.935,
0,
0,
0,
1
],
"drawcalls": [
{
"key": "circle",
"args": [
"xy",
0.0,
0.0,
0.0,
0.1546
]
},
{
"key": "circle",
"args": [
"xy",
0.0,
0.0,
0.159,
0.159
]
}
]
},
{
"name": "ape001",
"m4": [
1.0,
0.0,
0.0,
0.0,
0.0,
1.0,
0.0,
0.0,
0.0,
0.0,
1.0,
4.55,
0,
0,
0,
1
],
"drawcalls": [
{
"key": "multiline",
"args": [
-0.362,
0.175,
0.0,
-0.181,
0.175,
0.0,
-0.181,
0.35,
0.0
]
},
{
"key": "multiline",
"args": [
0.362,
0.175,
0.0,
0.181,
0.175,
0.0,
0.181,
0.35,
0.0
]
},
{
"key": "multiline",
"args": [
-0.362,
-0.175,
0.0,
-0.181,
-0.175,
0.0,
-0.181,
-0.35,
0.0
]
},
{
"key": "multiline",
"args": [
0.362,
-0.175,
0.0,
0.181,
-0.175,
0.0,
0.181,
-0.35,
0.0
]
}
]
},
{
"name": "ape002",
"m4": [
1.0,
0.0,
0.0,
0.0,
0.0,
1.0,
0.0,
0.0,
0.0,
0.0,
1.0,
4.655,
0,
0,
0,
1
],
"drawcalls": [
{
"key": "multiline",
"args": [
-0.35,
0.181,
0.0,
-0.175,
0.181,
0.0,
-0.175,
0.362,
0.0
]
},
{
"key": "multiline",
"args": [
0.35,
0.181,
0.0,
0.175,
0.181,
0.0,
0.175,
0.362,
0.0
]
},
{
"key": "multiline",
"args": [
-0.35,
-0.181,
0.0,
-0.175,
-0.181,
0.0,
-0.175,
-0.362,
0.0
]
},
{
"key": "multiline",
"args": [
0.35,
-0.181,
0.0,
0.175,
-0.181,
0.0,
0.175,
-0.362,
0.0
]
}
]
},
{
"name": "monofix_pos",
"m4": [
1.0,
0.0,
0.0,
0.0,
0.0,
1.0,
0.0,
0.0,
0.0,
0.0,
1.0,
5.84005,
0,
0,
0,
1
],
"drawcalls": [
{
"key": "multiline",
"args": [
0.0,
0.0,
0.0,
0.2,
0.0,
0.0
]
},
{
"key": "multiline",
"args": [
0.0,
0.0,
0.0,
0.0,
0.2,
0.0
]
},
{
"key": "multiline",
"args": [
0.0,
0.0,
0.0,
0.0,
0.0,
0.2
]
}
]
},
{
"name": "monofix",
"m4": [
0.547762,
-0.0,
0.836634,
0.0,
0.0,
1.0,
-0.0,
0.0,
-0.836634,
0.0,
0.547762,
5.84005,
0,
0,
0,
1
],
"drawcalls": [
{
"key": "multiline",
"args": [
0.0,
0.0,
0.0,
0.2,
0.0,
0.0
]
},
{
"key": "multiline",
"args": [
0.0,
0.0,
0.0,
0.0,
0.2,
0.0
]
},
{
"key": "multiline",
"args": [
0.0,
0.0,
0.0,
0.0,
0.0,
0.2
]
}
]
},
{
"name": "mono",
"m4": [
0.547762,
-0.0,
0.836634,
0.0,
0.0,
1.0,
-0.0,
0.0,
-0.836634,
0.0,
0.547762,
5.84005,
0,
0,
0,
1
],
"drawcalls": [
{
"key": "multiline",
"args": [
0.0,
0.0,
0.0,
0.2,
0.0,
0.0
]
},
{
"key": "multiline",
"args": [
0.0,
0.0,
0.0,
0.0,
0.2,
0.0
]
},
{
"key": "multiline",
"args": [
0.0,
0.0,
0.0,
0.0,
0.0,
0.2
]
}
]
},
{
"name": "inc_pg_mono",
"m4": [
1.0,
0.0,
0.0,
0.0,
0.0,
1.0,
0.0,
0.0,
0.0,
0.0,
1.0,
0.0,
0,
0,
0,
1
],
"drawcalls": []
},
{
"name": "crystal_pg_mono",
"m4": [
1.0,
0.0,
0.0,
0.0,
0.0,
1.0,
0.0,
0.0,
0.0,
0.0,
1.0,
0.0,
0,
0,
0,
1
],
"drawcalls": []
},
{
"name": "Pg_mono",
"m4": [
1.0,
0.0,
0.0,
0.0,
0.0,
1.0,
0.0,
0.0,
0.0,
0.0,
1.0,
0.0,
0,
0,
0,
1
],
"drawcalls": []
},
{
"name": "inc_al_mono",
"m4": [
1.0,
0.0,
0.0,
0.0,
0.0,
1.0,
0.0,
0.0,
0.0,
0.0,
1.0,
0.0,
0,
0,
0,
1
],
"drawcalls": []
},
{
"name": "pow_al_mono",
"m4": [
1.0,
0.0,
0.0,
0.0,
0.0,
1.0,
0.0,
0.0,
0.0,
0.0,
1.0,
0.0,
0,
0,
0,
1
],
"drawcalls": []
},
{
"name": "al_mono",
"m4": [
1.0,
0.0,
0.0,
0.0,
0.0,
1.0,
0.0,
0.0,
0.0,
0.0,
1.0,
0.0,
0,
0,
0,
1
],
"drawcalls": []
},
{
"name": "mono_pil1",
"m4": [
0.547762,
-0.0,
0.836634,
0.108238,
0.0,
1.0,
-0.0,
0.0,
-0.836634,
0.0,
0.547762,
5.67473,
0,
0,
0,
1
],
"drawcalls": []
},
{
"name": "mono_vacpil1",
"m4": [
0.547762,
-0.0,
0.836634,
0.108238,
0.0,
1.0,
-0.0,
0.0,
-0.836634,
0.0,
0.547762,
5.67473,
0,
0,
0,
1
],
"drawcalls": []
},
{
"name": "mono_pil2",
"m4": [
0.547762,
-0.0,
0.836634,
-0.197267,
0.0,
1.0,
-0.0,
0.0,
-0.836634,
0.0,
0.547762,
5.82898,
0,
0,
0,
1
],
"drawcalls": []
},
{
"name": "mono_vacpil2",
"m4": [
0.547762,
-0.0,
0.836634,
-0.197267,
0.0,
1.0,
-0.0,
0.0,
-0.836634,
0.0,
0.547762,
5.82898,
0,
0,
0,
1
],
"drawcalls": []
},
{
"name": "mono_pil3",
"m4": [
0.547762,
-0.0,
0.836634,
0.0890293,
0.0,
1.0,
-0.0,
0.0,
-0.836634,
0.0,
0.547762,
6.01643,
0,
0,
0,
1
],
"drawcalls": []
},
{
"name": "mono_vacpil3",
"m4": [
0.547762,
-0.0,
0.836634,
0.0890293,
0.0,
1.0,
-0.0,
0.0,
-0.836634,
0.0,
0.547762,
6.01643,
0,
0,
0,
1
],
"drawcalls": []
},
{
"name": "mono_array0_crystal_array_arm",
"m4": [
0.819943,
0.0,
0.572445,
-0.175693,
0.0,
1.0,
-0.0,
0.0,
-0.572445,
0.0,
0.819943,
5.72502,
0,
0,
0,
1
],
"drawcalls": [
{
"key": "multiline",
"args": [
0.0,
0.0,
0.0,
0.2,
0.0,
0.0
]
},
{
"key": "multiline",
"args": [
0.0,
0.0,
0.0,
0.0,
0.2,
0.0
]
},
{
"key": "multiline",
"args": [
0.0,
0.0,
0.0,
0.0,
0.0,
0.2
]
}
]
},
{
"name": "mono_array0_crystal_array_0",
"m4": [
0.813976,
-0.0935685,
0.573313,
-0.168038,
0.1142,
0.993458,
0.0,
-0.168085,
-0.569562,
0.0654725,
0.819337,
5.71967,
0,
0,
0,
1
],
"drawcalls": []
},
{
"name": "mono_array0_crystal_array_1",
"m4": [
0.816591,
-0.0784813,
0.571856,
-0.169831,
0.0956676,
0.995413,
-0.0,
-0.147146,
-0.569233,
0.0547081,
0.820354,
5.72092,
0,
0,
0,
1
],
"drawcalls": []
},
{
"name": "mono_array0_crystal_array_2",
"m4": [
0.816812,
-0.0674978,
0.572941,
-0.171385,
0.082355,
0.996603,
0.0,
-0.126177,
-0.570995,
0.0471846,
0.819596,
5.72201,
0,
0,
0,
1
],
"drawcalls": []
},
{
"name": "mono_array0_crystal_array_3",
"m4": [
0.817348,
-0.0598523,
0.573027,
-0.172701,
0.0730319,
0.99733,
0.0,
-0.105185,
-0.571497,
0.0418493,
0.819537,
5.72293,
0,
0,
0,
1
],
"drawcalls": []
},
{
"name": "mono_array0_crystal_array_4",
"m4": [
0.818324,
-0.0443045,
0.573047,
-0.173778,
0.0540614,
0.998538,
0.0,
-0.0841722,
-0.572209,
0.0309797,
0.819522,
5.72368,
0,
0,
0,
1
],
"drawcalls": []
},
{
"name": "mono_array0_crystal_array_5",
"m4": [
0.818927,
-0.0302712,
0.573099,
-0.174616,
0.0369392,
0.999318,
0.0,
-0.0631434,
-0.572708,
0.0211698,
0.819486,
5.72427,
0,
0,
0,
1
],
"drawcalls": []
},
{
"name": "mono_array0_crystal_array_6",
"m4": [
0.818455,
-0.0245765,
0.574045,
-0.175214,
0.0300144,
0.999549,
0.0,
-0.0421023,
-0.573786,
0.0172296,
0.818824,
5.72468,
0,
0,
0,
1
],
"drawcalls": []
},
{
"name": "mono_array0_crystal_array_7",
"m4": [
0.818586,
-0.0106363,
0.574285,
-0.175574,
0.0129924,
0.999916,
0.0,
-0.0210532,
-0.574237,
0.00746133,
0.818655,
5.72493,
0,
0,
0,
1
],
"drawcalls": []
},
{
"name": "mono_array0_crystal_array_8",
"m4": [
0.81735,
-0.00431171,
0.576125,
-0.175693,
0.00527515,
0.999986,
0.0,
0.0,
-0.576117,
0.00303915,
0.817362,
5.72502,
0,
0,
0,
1
],
"drawcalls": []
},
{
"name": "mono_array0_crystal_array_9",
"m4": [
0.819152,
0.00924779,
0.573502,
-0.175574,
-0.0112887,
0.999936,
0.0,
0.0210532,
-0.573466,
-0.00647412,
0.819204,
5.72493,
0,
0,
0,
1
],
"drawcalls": []
},
{
"name": "mono_array0_crystal_array_10",
"m4": [
0.818739,
0.027856,
0.57349,
-0.175214,
-0.0340034,
0.999422,
0.0,
0.0421023,
-0.573159,
-0.0195006,
0.819212,
5.72468,
0,
0,
0,
1
],
"drawcalls": []
},
{
"name": "mono_array0_crystal_array_11",
"m4": [
0.817165,
0.0353185,
0.575321,
-0.174616,
-0.0431804,
0.999067,
0.0,
0.0631434,
-0.574784,
-0.0248426,
0.817928,
5.72427,
0,
0,
0,
1
],
"drawcalls": []
},
{
"name": "mono_array0_crystal_array_12",
"m4": [
0.818738,
0.0453859,
0.57237,
-0.173778,
-0.055349,
0.998467,
-0.0,
0.0841722,
-0.571493,
-0.0316801,
0.819995,
5.72368,
0,
0,
0,
1
],
"drawcalls": []
},
{
"name": "mono_array0_crystal_array_13",
"m4": [
0.819473,
0.0549997,
0.570472,
-0.172701,
-0.0669652,
0.997755,
-0.0,
0.105185,
-0.569192,
-0.0382018,
0.821317,
5.72293,
0,
0,
0,
1
],
"drawcalls": []
},
{
"name": "mono_array0_crystal_array_14",
"m4": [
0.816325,
0.0717997,
0.573113,
-0.171385,
-0.0876166,
0.996154,
0.0,
0.126177,
-0.570909,
-0.0502142,
0.819476,
5.72201,
0,
0,
0,
1
],
"drawcalls": []
},
{
"name": "mono_array0_crystal_array_15",
"m4": [
0.817034,
0.0783438,
0.571242,
-0.169831,
-0.0954502,
0.995434,
-0.0,
0.147146,
-0.568634,
-0.0545251,
0.820782,
5.72092,
0,
0,
0,
1
],
"drawcalls": []
},
{
"name": "mono_array0_crystal_array_16",
"m4": [
0.815352,
0.0869828,
0.572394,
-0.168038,
-0.106079,
0.994358,
-0.0,
0.168085,
-0.569164,
-0.0607191,
0.819979,
5.71967,
0,
0,
0,
1
],
"drawcalls": []
},
{
"name": "mono_array0_crystal_array_mounting_arch",
"m4": [
0.819943,
0.572445,
3.50522e-17,
1.06715,
0.0,
6.12323e-17,
-1.0,
0.0,
-0.572445,
0.819943,
5.0207e-17,
4.85733,
0,
0,
0,
1
],
"drawcalls": []
},
{
"name": "mono_array0_crystal_array_mounting_arch_vacuum",
"m4": [
0.819943,
0.572445,
3.50522e-17,
1.06715,
0.0,
6.12323e-17,
-1.0,
0.0,
-0.572445,
0.819943,
5.0207e-17,
4.85733,
0,
0,
0,
1
],
"drawcalls": []
},
{
"name": "mono_array0_crystal_array_mounting_arch_mask",
"m4": [
0.819943,
0.0,
0.572445,
-0.183657,
0.0,
1.0,
-0.0,
0.0,
-0.572445,
0.0,
0.819943,
5.73058,
0,
0,
0,
1
],
"drawcalls": []
},
{
"name": "mono_array1_crystal_array_arm",
"m4": [
0.817736,
0.0,
0.575593,
-0.158124,
0.0,
1.0,
-0.0,
0.0,
-0.575593,
0.0,
0.817736,
5.73652,
0,
0,
0,
1
],
"drawcalls": [
{
"key": "multiline",
"args": [
0.0,
0.0,
0.0,
0.2,
0.0,
0.0
]
},
{
"key": "multiline",
"args": [
0.0,
0.0,
0.0,
0.0,
0.2,
0.0
]
},
{
"key": "multiline",
"args": [
0.0,
0.0,
0.0,
0.0,
0.0,
0.2
]
}
]
},
{
"name": "mono_array1_crystal_array_0",
"m4": [
0.812562,
-0.0893809,
0.575981,
-0.150489,
0.109339,
0.994004,
0.0,
-0.168085,
-0.572528,
0.0629774,
0.817463,
5.73115,
0,
0,
0,
1
],
"drawcalls": []
},
{
"name": "mono_array1_crystal_array_1",
"m4": [
0.813869,
-0.0766243,
0.575974,
-0.152277,
0.0937337,
0.995597,
0.0,
-0.147146,
-0.573439,
0.0539882,
0.817468,
5.73241,
0,
0,
0,
1
],
"drawcalls": []
},
{
"name": "mono_array1_crystal_array_2",
"m4": [
0.814643,
-0.0679248,
0.575971,
-0.153828,
0.0830915,
0.996542,
0.0,
-0.126177,
-0.57398,
0.0478583,
0.81747,
5.7335,
0,
0,
0,
1
],
"drawcalls": []
},
{
"name": "mono_array1_crystal_array_3",
"m4": [
0.817947,
-0.0571624,
0.572446,
-0.15514,
0.0697152,
0.997567,
-0.0,
-0.105185,
-0.571053,
0.0399082,
0.819942,
5.73442,
0,
0,
0,
1
],
"drawcalls": []
},
{
"name": "mono_array1_crystal_array_4",
"m4": [
0.815956,
-0.0417136,
0.576607,
-0.156214,
0.0510557,
0.998696,
0.0,
-0.0841722,
-0.575855,
0.029439,
0.817022,
5.73518,
0,
0,
0,
1
],
"drawcalls": []
},
{
"name": "mono_array1_crystal_array_5",
"m4": [
0.818623,
-0.0345517,
0.573291,
-0.157049,
0.0421695,
0.99911,
-0.0,
-0.0631434,
-0.572781,
0.0241754,
0.819352,
5.73576,
0,
0,
0,
1
],
"drawcalls": []
},
{
"name": "mono_array1_crystal_array_6",
"m4": [
0.815979,
-0.0229822,
0.577624,
-0.157646,
0.0281541,
0.999604,
0.0,
-0.0421023,
-0.577395,
0.0162625,
0.816303,
5.73618,
0,
0,
0,
1
],
"drawcalls": []
},
{
"name": "mono_array1_crystal_array_7",
"m4": [
0.817576,
-0.0109345,
0.575717,
-0.158005,
0.0133731,
0.999911,
0.0,
-0.0210532,
-0.575665,
0.00769912,
0.817649,
5.73644,
0,
0,
0,
1
],
"drawcalls": []
},
{
"name": "mono_array1_crystal_array_8",
"m4": [
0.819382,
0.00305574,
0.57324,
-0.158124,
-0.00372929,
0.999993,
-0.0,
0.0,
-0.573236,
-0.00213778,
0.819388,
5.73652,
0,
0,
0,
1
],
"drawcalls": []
},
{
"name": "mono_array1_crystal_array_9",
"m4": [
0.818217,
0.0096712,
0.574828,
-0.158005,
-0.011819,
0.99993,
-0.0,
0.0210532,
-0.574788,
-0.0067939,
0.818274,
5.73644,
0,
0,
0,
1
],
"drawcalls": []
},
{
"name": "mono_array1_crystal_array_10",
"m4": [
0.818945,
0.0233917,
0.573395,
-0.157646,
-0.0285515,
0.999592,
-0.0,
0.0421023,
-0.573161,
-0.0163713,
0.819279,
5.73618,
0,
0,
0,
1
],
"drawcalls": []
},
{
"name": "mono_array1_crystal_array_11",
"m4": [
0.819886,
0.0311768,
0.571678,
-0.157049,
-0.0379984,
0.999278,
-0.0,
0.0631434,
-0.571265,
-0.0217228,
0.820478,
5.73576,
0,
0,
0,
1
],
"drawcalls": []
},
{
"name": "mono_array1_crystal_array_12",
"m4": [
0.815544,
0.046942,
0.576787,
-0.156214,
-0.057464,
0.998348,
0.0,
0.0841722,
-0.575834,
-0.0331445,
0.816894,
5.73518,
0,
0,
0,
1
],
"drawcalls": []
},
{
"name": "mono_array1_crystal_array_13",
"m4": [
0.816321,
0.0568873,
0.574791,
-0.15514,
-0.0695188,
0.997581,
-0.0,
0.105185,
-0.5734,
-0.0399588,
0.8183,
5.73442,
0,
0,
0,
1
],
"drawcalls": []
},
{
"name": "mono_array1_crystal_array_14",
"m4": [
0.815136,
0.0715648,
0.574832,
-0.153828,
-0.0874585,
0.996168,
-0.0,
0.126177,
-0.57263,
-0.050274,
0.818271,
5.7335,
0,
0,
0,
1
],
"drawcalls": []
},
{
"name": "mono_array1_crystal_array_15",
"m4": [
0.814004,
0.079742,
0.575359,
-0.152277,
-0.097496,
0.995236,
-0.0,
0.147146,
-0.572618,
-0.0560952,
0.817901,
5.73241,
0,
0,
0,
1
],
"drawcalls": []
},
{
"name": "mono_array1_crystal_array_16",
"m4": [
0.815304,
0.0922953,
0.57163,
-0.150489,
-0.112485,
0.993653,
-0.0,
0.168085,
-0.568002,
-0.0642999,
0.820511,
5.73115,
0,
0,
0,
1
],
"drawcalls": []
},
{
"name": "mono_array1_crystal_array_mounting_arch",
"m4": [
0.817736,
0.575593,
3.52449e-17,
1.08137,
0.0,
6.12323e-17,
-1.0,
0.0,
-0.575593,
0.817736,
5.00719e-17,
4.86406,
0,
0,
0,
1
],
"drawcalls": []
},
{
"name": "mono_array1_crystal_array_mounting_arch_vacuum",
"m4": [
0.817736,
0.575593,
3.52449e-17,
1.08137,
0.0,
6.12323e-17,
-1.0,
0.0,
-0.575593,
0.817736,
5.00719e-17,
4.86406,
0,
0,
0,
1
],
"drawcalls": []
},
{
"name": "mono_array1_crystal_array_mounting_arch_mask",
"m4": [
0.817736,
0.0,
0.575593,
-0.166066,
0.0,
1.0,
-0.0,
0.0,
-0.575593,
0.0,
0.817736,
5.74211,
0,
0,
0,
1
],
"drawcalls": []
},
{
"name": "mono_array2_crystal_array_arm",
"m4": [
0.815527,
0.0,
0.578719,
-0.140555,
0.0,
1.0,
-0.0,
0.0,
-0.578719,
0.0,
0.815527,
5.74802,
0,
0,
0,
1
],
"drawcalls": [
{
"key": "multiline",
"args": [
0.0,
0.0,
0.0,
0.2,
0.0,
0.0
]
},
{
"key": "multiline",
"args": [
0.0,
0.0,
0.0,
0.0,
0.2,
0.0
]
},
{
"key": "multiline",
"args": [
0.0,
0.0,
0.0,
0.0,
0.0,
0.2
]
}
]
},
{
"name": "mono_array2_crystal_array_0",
"m4": [
0.814509,
-0.0845095,
0.573962,
-0.132941,
0.103201,
0.994661,
-0.0,
-0.168085,
-0.570897,
0.0592335,
0.818882,
5.74262,
0,
0,
0,
1
],
"drawcalls": []
},
{
"name": "mono_array2_crystal_array_1",
"m4": [
0.810599,
-0.0811614,
0.579949,
-0.134724,
0.0996271,
0.995025,
0.0,
-0.147146,
-0.577064,
0.0577787,
0.814652,
5.74389,
0,
0,
0,
1
],
"drawcalls": []
},
{
"name": "mono_array2_crystal_array_2",
"m4": [
0.813805,
-0.0655375,
0.57743,
-0.13627,
0.0802723,
0.996773,
-0.0,
-0.126177,
-0.575567,
0.0463517,
0.81644,
5.74498,
0,
0,
0,
1
],
"drawcalls": []
},
{
"name": "mono_array2_crystal_array_3",
"m4": [
0.814621,
-0.0535265,
0.577519,
-0.137579,
0.0655659,
0.997848,
-0.0,
-0.105185,
-0.576276,
0.0378656,
0.816377,
5.74591,
0,
0,
0,
1
],
"drawcalls": []
},
{
"name": "mono_array2_crystal_array_4",
"m4": [
0.81413,
-0.0476525,
0.578724,
-0.13865,
0.0584319,
0.998291,
0.0,
-0.0841722,
-0.577735,
0.0338159,
0.815523,
5.74667,
0,
0,
0,
1
],
"drawcalls": []
},
{
"name": "mono_array2_crystal_array_5",
"m4": [
0.815628,
-0.0385943,
0.577288,
-0.139483,
0.0472656,
0.998882,
-0.0,
-0.0631434,
-0.576643,
0.0272859,
0.816541,
5.74726,
0,
0,
0,
1
],
"drawcalls": []
},
{
"name": "mono_array2_crystal_array_6",
"m4": [
0.814907,
-0.0233407,
0.579122,
-0.140078,
0.0286305,
0.99959,
0.0,
-0.0421023,
-0.578884,
0.0165805,
0.815241,
5.74769,
0,
0,
0,
1
],
"drawcalls": []
},
{
"name": "mono_array2_crystal_array_7",
"m4": [
0.815143,
-0.0106523,
0.579162,
-0.140436,
0.013067,
0.999915,
0.0,
-0.0210532,
-0.579113,
0.00756788,
0.815212,
5.74794,
0,
0,
0,
1
],
"drawcalls": []
},
{
"name": "mono_array2_crystal_array_8",
"m4": [
0.816149,
0.000443516,
0.577841,
-0.140555,
-0.000543425,
1.0,
-0.0,
0.0,
-0.577841,
-0.000314014,
0.816149,
5.74802,
0,
0,
0,
1
],
"drawcalls": []
},
{
"name": "mono_array2_crystal_array_9",
"m4": [
0.817086,
0.0133791,
0.576361,
-0.140436,
-0.016372,
0.999866,
-0.0,
0.0210532,
-0.576284,
-0.00943615,
0.817195,
5.74794,
0,
0,
0,
1
],
"drawcalls": []
},
{
"name": "mono_array2_crystal_array_10",
"m4": [
0.816199,
0.0217787,
0.57736,
-0.140078,
-0.0266736,
0.999644,
-0.0,
0.0421023,
-0.577155,
-0.0154003,
0.81649,
5.74769,
0,
0,
0,
1
],
"drawcalls": []
},
{
"name": "mono_array2_crystal_array_11",
"m4": [
0.814224,
0.0303695,
0.579755,
-0.139483,
-0.0372728,
0.999305,
0.0,
0.0631434,
-0.579353,
-0.0216091,
0.814791,
5.74726,
0,
0,
0,
1
],
"drawcalls": []
},
{
"name": "mono_array2_crystal_array_12",
"m4": [
0.811468,
0.0456859,
0.582609,
-0.13865,
-0.0562114,
0.998419,
0.0,
0.0841722,
-0.581688,
-0.0327492,
0.812753,
5.74667,
0,
0,
0,
1
],
"drawcalls": []
},
{
"name": "mono_array2_crystal_array_13",
"m4": [
0.814617,
0.0546124,
0.577422,
-0.137579,
-0.0668904,
0.99776,
-0.0,
0.105185,
-0.576129,
-0.038624,
0.816446,
5.74591,
0,
0,
0,
1
],
"drawcalls": []
},
{
"name": "mono_array2_crystal_array_14",
"m4": [
0.81353,
0.0705258,
0.57723,
-0.13627,
-0.0863671,
0.996263,
-0.0,
0.126177,
-0.575073,
-0.0498536,
0.816582,
5.74498,
0,
0,
0,
1
],
"drawcalls": []
},
{
"name": "mono_array2_crystal_array_15",
"m4": [
0.812014,
0.0824595,
0.577784,
-0.134724,
-0.10103,
0.994883,
-0.0,
0.147146,
-0.574827,
-0.0583734,
0.81619,
5.74389,
0,
0,
0,
1
],
"drawcalls": []
},
{
"name": "mono_array2_crystal_array_16",
"m4": [
0.810456,
0.0906523,
0.578743,
-0.132941,
-0.11116,
0.993802,
0.0,
0.168085,
-0.575156,
-0.0643333,
0.81551,
5.74262,
0,
0,
0,
1
],
"drawcalls": []
},
{
"name": "mono_array2_crystal_array_mounting_arch",
"m4": [
0.815527,
0.578719,
3.54363e-17,
1.09559,
0.0,
6.12323e-17,
-1.0,
0.0,
-0.578719,
0.815527,
4.99366e-17,
4.87082,
0,
0,
0,
1
],
"drawcalls": []
},
{
"name": "mono_array2_crystal_array_mounting_arch_vacuum",
"m4": [
0.815527,
0.578719,
3.54363e-17,
1.09559,
0.0,
6.12323e-17,
-1.0,
0.0,
-0.578719,
0.815527,
4.99366e-17,
4.87082,
0,
0,
0,
1
],
"drawcalls": []
},
{
"name": "mono_array2_crystal_array_mounting_arch_mask",
"m4": [
0.815527,
0.0,
0.578719,
-0.148475,
0.0,
1.0,
-0.0,
0.0,
-0.578719,
0.0,
0.815527,
5.75364,
0,
0,
0,
1
],
"drawcalls": []
},
{
"name": "mono_array3_crystal_array_arm",
"m4": [
0.813317,
0.0,
0.581821,
-0.122985,
0.0,
1.0,
-0.0,
0.0,
-0.581821,
0.0,
0.813317,
5.75953,
0,
0,
0,
1
],
"drawcalls": [
{
"key": "multiline",
"args": [
0.0,
0.0,
0.0,
0.2,
0.0,
0.0
]
},
{
"key": "multiline",
"args": [
0.0,
0.0,
0.0,
0.0,
0.2,
0.0
]
},
{
"key": "multiline",
"args": [
0.0,
0.0,
0.0,
0.0,
0.0,
0.2
]
}
]
},
{
"name": "mono_array3_crystal_array_0",
"m4": [
0.81004,
-0.0922877,
0.579066,
-0.115392,
0.113197,
0.993573,
-0.0,
-0.168085,
-0.575344,
0.0655488,
0.81528,
5.75409,
0,
0,
0,
1
],
"drawcalls": []
},
{
"name": "mono_array3_crystal_array_1",
"m4": [
0.808336,
-0.0755194,
0.583858,
-0.11717,
0.0930207,
0.995664,
0.0,
-0.147146,
-0.581326,
0.0543109,
0.811856,
5.75537,
0,
0,
0,
1
],
"drawcalls": []
},
{
"name": "mono_array3_crystal_array_2",
"m4": [
0.811963,
-0.0631755,
0.58028,
-0.118712,
0.0775715,
0.996987,
-0.0,
-0.126177,
-0.578531,
0.0450131,
0.814417,
5.75647,
0,
0,
0,
1
],
"drawcalls": []
},
{
"name": "mono_array3_crystal_array_3",
"m4": [
0.810567,
-0.0596322,
0.582602,
-0.120017,
0.0733702,
0.997305,
0.0,
-0.105185,
-0.581031,
0.0427456,
0.812758,
5.7574,
0,
0,
0,
1
],
"drawcalls": []
},
{
"name": "mono_array3_crystal_array_4",
"m4": [
0.810011,
-0.0454997,
0.584647,
-0.121086,
0.0560833,
0.998426,
0.0,
-0.0841722,
-0.583727,
0.0327889,
0.811288,
5.75817,
0,
0,
0,
1
],
"drawcalls": []
},
{
"name": "mono_array3_crystal_array_5",
"m4": [
0.812158,
-0.0317541,
0.582573,
-0.121917,
0.0390686,
0.999237,
0.0,
-0.0631434,
-0.582128,
0.0227603,
0.812778,
5.75876,
0,
0,
0,
1
],
"drawcalls": []
},
{
"name": "mono_array3_crystal_array_6",
"m4": [
0.812344,
-0.0232663,
0.582714,
-0.12251,
0.0286292,
0.99959,
0.0,
-0.0421023,
-0.582475,
0.0166827,
0.812677,
5.75919,
0,
0,
0,
1
],
"drawcalls": []
},
{
"name": "mono_array3_crystal_array_7",
"m4": [
0.813187,
-0.0139562,
0.581835,
-0.122867,
0.0171598,
0.999853,
0.0,
-0.0210532,
-0.581749,
0.00998416,
0.813307,
5.75944,
0,
0,
0,
1
],
"drawcalls": []
},
{
"name": "mono_array3_crystal_array_8",
"m4": [
0.815943,
0.00200504,
0.578129,
-0.122985,
-0.00245733,
0.999997,
-0.0,
0.0,
-0.578128,
-0.00142065,
0.815945,
5.75953,
0,
0,
0,
1
],
"drawcalls": []
},
{
"name": "mono_array3_crystal_array_9",
"m4": [
0.813656,
0.014331,
0.58117,
-0.122867,
-0.0176103,
0.999845,
-0.0,
0.0210532,
-0.581079,
-0.0102346,
0.813782,
5.75944,
0,
0,
0,
1
],
"drawcalls": []
},
{
"name": "mono_array3_crystal_array_10",
"m4": [
0.814349,
0.021406,
0.57998,
-0.12251,
-0.0262769,
0.999655,
-0.0,
0.0421023,
-0.57978,
-0.0152401,
0.814631,
5.75919,
0,
0,
0,
1
],
"drawcalls": []
},
{
"name": "mono_array3_crystal_array_11",
"m4": [
0.810604,
0.0337612,
0.584621,
-0.121917,
-0.0416133,
0.999134,
0.0,
0.0631434,
-0.584114,
-0.024328,
0.811307,
5.75876,
0,
0,
0,
1
],
"drawcalls": []
},
{
"name": "mono_array3_crystal_array_12",
"m4": [
0.815114,
0.046363,
0.577442,
-0.121086,
-0.0567873,
0.998386,
-0.0,
0.0841722,
-0.57651,
-0.0327914,
0.816432,
5.75817,
0,
0,
0,
1
],
"drawcalls": []
},
{
"name": "mono_array3_crystal_array_13",
"m4": [
0.811545,
0.0565774,
0.581545,
-0.120017,
-0.0695469,
0.997579,
-0.0,
0.105185,
-0.580137,
-0.0404446,
0.813514,
5.7574,
0,
0,
0,
1
],
"drawcalls": []
},
{
"name": "mono_array3_crystal_array_14",
"m4": [
0.812151,
0.0700091,
0.579232,
-0.118712,
-0.0858836,
0.996305,
-0.0,
0.126177,
-0.577092,
-0.0497465,
0.815163,
5.75647,
0,
0,
0,
1
],
"drawcalls": []
},
{
"name": "mono_array3_crystal_array_15",
"m4": [
0.805107,
0.0794324,
0.587787,
-0.11717,
-0.098184,
0.995168,
0.0,
0.147146,
-0.584947,
-0.0577113,
0.809016,
5.75537,
0,
0,
0,
1
],
"drawcalls": []
},
{
"name": "mono_array3_crystal_array_16",
"m4": [
0.806066,
0.0898594,
0.584965,
-0.115392,
-0.110793,
0.993844,
0.0,
0.168085,
-0.581363,
-0.0648098,
0.811059,
5.75409,
0,
0,
0,
1
],
"drawcalls": []
},
{
"name": "mono_array3_crystal_array_mounting_arch",
"m4": [
0.813317,
0.581821,
3.56262e-17,
1.10981,
0.0,
6.12323e-17,
-1.0,
0.0,
-0.581821,
0.813317,
4.98013e-17,
4.87762,
0,
0,
0,
1
],
"drawcalls": []
},
{
"name": "mono_array3_crystal_array_mounting_arch_vacuum",
"m4": [
0.813317,
0.581821,
3.56262e-17,
1.10981,
0.0,
6.12323e-17,
-1.0,
0.0,
-0.581821,
0.813317,
4.98013e-17,
4.87762,
0,
0,
0,
1
],
"drawcalls": []
},
{
"name": "mono_array3_crystal_array_mounting_arch_mask",
"m4": [
0.813317,
0.0,
0.581821,
-0.130884,
0.0,
1.0,
-0.0,
0.0,
-0.581821,
0.0,
0.813317,
5.76518,
0,
0,
0,
1
],
"drawcalls": []
},
{
"name": "mono_array4_crystal_array_arm",
"m4": [
0.811106,
0.0,
0.5849,
-0.105416,
0.0,
1.0,
-0.0,
0.0,
-0.5849,
0.0,
0.811106,
5.77103,
0,
0,
0,
1
],
"drawcalls": [
{
"key": "multiline",
"args": [
0.0,
0.0,
0.0,
0.2,
0.0,
0.0
]
},
{
"key": "multiline",
"args": [
0.0,
0.0,
0.0,
0.0,
0.2,
0.0
]
},
{
"key": "multiline",
"args": [
0.0,
0.0,
0.0,
0.0,
0.0,
0.2
]
}
]
},
{
"name": "mono_array4_crystal_array_0",
"m4": [
0.804918,
-0.0914735,
0.586293,
-0.0978434,
0.112916,
0.993604,
0.0,
-0.168085,
-0.582544,
0.0662022,
0.810099,
5.76557,
0,
0,
0,
1
],
"drawcalls": []
},
{
"name": "mono_array4_crystal_array_1",
"m4": [
0.806565,
-0.0785743,
0.5859,
-0.0996168,
0.0969595,
0.995288,
0.0,
-0.147146,
-0.58314,
0.0568086,
0.810383,
5.76685,
0,
0,
0,
1
],
"drawcalls": []
},
{
"name": "mono_array4_crystal_array_2",
"m4": [
0.809249,
-0.0670751,
0.583623,
-0.101154,
0.0826024,
0.996583,
-0.0,
-0.126177,
-0.581629,
0.0482087,
0.812024,
5.76796,
0,
0,
0,
1
],
"drawcalls": []
},
{
"name": "mono_array4_crystal_array_3",
"m4": [
0.809647,
-0.0599947,
0.583842,
-0.102456,
0.0738972,
0.997266,
-0.0,
-0.105185,
-0.582246,
0.0431443,
0.811867,
5.7689,
0,
0,
0,
1
],
"drawcalls": []
},
{
"name": "mono_array4_crystal_array_4",
"m4": [
0.809375,
-0.0434053,
0.585686,
-0.103521,
0.0535512,
0.998565,
0.0,
-0.0841722,
-0.584846,
0.0313642,
0.810538,
5.76966,
0,
0,
0,
1
],
"drawcalls": []
},
{
"name": "mono_array4_crystal_array_5",
"m4": [
0.808538,
-0.0322685,
0.587559,
-0.10435,
0.039878,
0.999205,
0.0,
-0.0631434,
-0.587091,
0.0234306,
0.809182,
5.77026,
0,
0,
0,
1
],
"drawcalls": []
},
{
"name": "mono_array4_crystal_array_6",
"m4": [
0.811721,
-0.022237,
0.583622,
-0.104942,
0.0273846,
0.999625,
-0.0,
-0.0421023,
-0.583403,
0.0159823,
0.812025,
5.77069,
0,
0,
0,
1
],
"drawcalls": []
},
{
"name": "mono_array4_crystal_array_7",
"m4": [
0.814548,
-0.0108411,
0.579995,
-0.105298,
0.0133082,
0.999911,
-0.0,
-0.0210532,
-0.579944,
0.0077187,
0.81462,
5.77094,
0,
0,
0,
1
],
"drawcalls": []
},
{
"name": "mono_array4_crystal_array_8",
"m4": [
0.810125,
0.000855441,
0.586257,
-0.105416,
-0.00105594,
0.999999,
0.0,
0.0,
-0.586257,
-0.000619051,
0.810125,
5.77103,
0,
0,
0,
1
],
"drawcalls": []
},
{
"name": "mono_array4_crystal_array_9",
"m4": [
0.812204,
0.012976,
0.583229,
-0.105298,
-0.0159742,
0.999872,
-0.0,
0.0210532,
-0.583154,
-0.0093166,
0.812308,
5.77094,
0,
0,
0,
1
],
"drawcalls": []
},
{
"name": "mono_array4_crystal_array_10",
"m4": [
0.811505,
0.022442,
0.583914,
-0.104942,
-0.0276443,
0.999618,
-0.0,
0.0421023,
-0.583691,
-0.0161419,
0.811816,
5.77069,
0,
0,
0,
1
],
"drawcalls": []
},
{
"name": "mono_array4_crystal_array_11",
"m4": [
0.811095,
0.0347288,
0.583883,
-0.10435,
-0.0427781,
0.999085,
-0.0,
0.0631434,
-0.583349,
-0.0249774,
0.811838,
5.77026,
0,
0,
0,
1
],
"drawcalls": []
},
{
"name": "mono_array4_crystal_array_12",
"m4": [
0.808884,
0.0443495,
0.586294,
-0.103521,
-0.0547458,
0.9985,
0.0,
0.0841722,
-0.585415,
-0.0320971,
0.810099,
5.76966,
0,
0,
0,
1
],
"drawcalls": []
},
{
"name": "mono_array4_crystal_array_13",
"m4": [
0.810929,
0.0554218,
0.582514,
-0.102456,
-0.0681845,
0.997673,
-0.0,
0.105185,
-0.581158,
-0.0397184,
0.812821,
5.7689,
0,
0,
0,
1
],
"drawcalls": []
},
{
"name": "mono_array4_crystal_array_14",
"m4": [
0.807809,
0.0723646,
0.584986,
-0.101154,
-0.089224,
0.996012,
0.0,
0.126177,
-0.582653,
-0.0521948,
0.811043,
5.76796,
0,
0,
0,
1
],
"drawcalls": []
},
{
"name": "mono_array4_crystal_array_15",
"m4": [
0.806347,
0.0796033,
0.586061,
-0.0996168,
-0.0982432,
0.995162,
0.0,
0.147146,
-0.583226,
-0.0575765,
0.810267,
5.76685,
0,
0,
0,
1
],
"drawcalls": []
},
{
"name": "mono_array4_crystal_array_16",
"m4": [
0.80674,
0.0880793,
0.584305,
-0.0978434,
-0.108534,
0.994093,
-0.0,
0.168085,
-0.580853,
-0.0634172,
0.811534,
5.76557,
0,
0,
0,
1
],
"drawcalls": []
},
{
"name": "mono_array4_crystal_array_mounting_arch",
"m4": [
0.811106,
0.5849,
3.58148e-17,
1.12403,
0.0,
6.12323e-17,
-1.0,
0.0,
-0.5849,
0.811106,
4.96659e-17,
4.88446,
0,
0,
0,
1
],
"drawcalls": []
},
{
"name": "mono_array4_crystal_array_mounting_arch_vacuum",
"m4": [
0.811106,
0.5849,
3.58148e-17,
1.12403,
0.0,
6.12323e-17,
-1.0,
0.0,
-0.5849,
0.811106,
4.96659e-17,
4.88446,
0,
0,
0,
1
],
"drawcalls": []
},
{
"name": "mono_array4_crystal_array_mounting_arch_mask",
"m4": [
0.811106,
0.0,
0.5849,
-0.113293,
0.0,
1.0,
-0.0,
0.0,
-0.5849,
0.0,
0.811106,
5.77671,
0,
0,
0,
1
],
"drawcalls": []
},
{
"name": "mono_array5_crystal_array_arm",
"m4": [
0.808893,
0.0,
0.587956,
-0.0878466,
0.0,
1.0,
-0.0,
0.0,
-0.587956,
0.0,
0.808893,
5.78253,
0,
0,
0,
1
],
"drawcalls": [
{
"key": "multiline",
"args": [
0.0,
0.0,
0.0,
0.2,
0.0,
0.0
]
},
{
"key": "multiline",
"args": [
0.0,
0.0,
0.0,
0.0,
0.2,
0.0
]
},
{
"key": "multiline",
"args": [
0.0,
0.0,
0.0,
0.0,
0.0,
0.2
]
}
]
},
{
"name": "mono_array5_crystal_array_0",
"m4": [
0.802474,
-0.088682,
0.590061,
-0.0802948,
0.109842,
0.993949,
0.0,
-0.168085,
-0.58649,
0.0648135,
0.807359,
5.77704,
0,
0,
0,
1
],
"drawcalls": []
},
{
"name": "mono_array5_crystal_array_1",
"m4": [
0.806265,
-0.0799539,
0.586127,
-0.0820633,
0.0986818,
0.995119,
-0.0,
-0.147146,
-0.583266,
0.0578401,
0.810219,
5.77833,
0,
0,
0,
1
],
"drawcalls": []
},
{
"name": "mono_array5_crystal_array_2",
"m4": [
0.805846,
-0.0652124,
0.588524,
-0.0835968,
0.0806605,
0.996742,
0.0,
-0.126177,
-0.586606,
0.0474706,
0.80848,
5.77944,
0,
0,
0,
1
],
"drawcalls": []
},
{
"name": "mono_array5_crystal_array_3",
"m4": [
0.80591,
-0.0563975,
0.589346,
-0.0848948,
0.0698092,
0.99756,
0.0,
-0.105185,
-0.587908,
0.0411418,
0.807881,
5.78039,
0,
0,
0,
1
],
"drawcalls": []
},
{
"name": "mono_array5_crystal_array_4",
"m4": [
0.807902,
-0.0445801,
0.587628,
-0.0859572,
0.0550962,
0.998481,
-0.0,
-0.0841722,
-0.586735,
0.0323761,
0.809131,
5.78116,
0,
0,
0,
1
],
"drawcalls": []
},
{
"name": "mono_array5_crystal_array_5",
"m4": [
0.807045,
-0.035304,
0.589434,
-0.0867837,
0.043703,
0.999045,
0.0,
-0.0631434,
-0.58887,
0.02576,
0.807817,
5.78176,
0,
0,
0,
1
],
"drawcalls": []
},
{
"name": "mono_array5_crystal_array_6",
"m4": [
0.811677,
-0.0220959,
0.583688,
-0.0873742,
0.0272125,
0.99963,
-0.0,
-0.0421023,
-0.583472,
0.0158836,
0.811978,
5.78219,
0,
0,
0,
1
],
"drawcalls": []
},
{
"name": "mono_array5_crystal_array_7",
"m4": [
0.811343,
-0.0114476,
0.584459,
-0.0877285,
0.014108,
0.9999,
-0.0,
-0.0210532,
-0.584401,
0.00824556,
0.811423,
5.78245,
0,
0,
0,
1
],
"drawcalls": []
},
{
"name": "mono_array5_crystal_array_8",
"m4": [
0.810692,
-0.00112374,
0.585472,
-0.0878466,
0.00138615,
0.999999,
-0.0,
0.0,
-0.585471,
0.000811553,
0.810693,
5.78253,
0,
0,
0,
1
],
"drawcalls": []
},
{
"name": "mono_array5_crystal_array_9",
"m4": [
0.809768,
0.0101329,
0.586662,
-0.0877285,
-0.0125123,
0.999922,
-0.0,
0.0210532,
-0.586616,
-0.00734049,
0.809832,
5.78245,
0,
0,
0,
1
],
"drawcalls": []
},
{
"name": "mono_array5_crystal_array_10",
"m4": [
0.805487,
0.0229959,
0.592168,
-0.0873742,
-0.0285374,
0.999593,
0.0,
0.0421023,
-0.591926,
-0.0168989,
0.805815,
5.78219,
0,
0,
0,
1
],
"drawcalls": []
},
{
"name": "mono_array5_crystal_array_11",
"m4": [
0.806973,
0.0342114,
0.589596,
-0.0867837,
-0.0423566,
0.999103,
0.0,
0.0631434,
-0.589067,
-0.0249733,
0.807698,
5.78176,
0,
0,
0,
1
],
"drawcalls": []
},
{
"name": "mono_array5_crystal_array_12",
"m4": [
0.809443,
0.0440721,
0.585543,
-0.0859572,
-0.0543669,
0.998521,
-0.0,
0.0841722,
-0.584677,
-0.0318341,
0.810641,
5.78116,
0,
0,
0,
1
],
"drawcalls": []
},
{
"name": "mono_array5_crystal_array_13",
"m4": [
0.807511,
0.0532945,
0.587439,
-0.0848948,
-0.0658552,
0.997829,
-0.0,
0.105185,
-0.586164,
-0.0386859,
0.809268,
5.78039,
0,
0,
0,
1
],
"drawcalls": []
},
{
"name": "mono_array5_crystal_array_14",
"m4": [
0.808256,
